275,120.06
526,120.06
536,120.06
546,120.06
556,120.06
566,120.06
577,120.06
587,120.06
597,120.06
607,120.06
617,120.06
627,120.06
637,120.06
647,120.06
657,120.06
667,120.06
677,120.06
687,120.06
697,120.06
707,120.06
717,120.06
727,120.06
737,120.06
747,120.06
757,120.06
767,120.06
777,120.06
787,120.06
797,120.06
807,120.06
817,120.06
827,120.06
837,120.06
847,120.06
857,120.06
867,120.06
877,120.06
887,120.06
897,120.06
907,120.06
917,120.06
927,120.06
938,120.06
948,140.07
958,140.07
968,140.07
978,140.07
988,140.07
998,140.07
1008,140.07
1018,140.07
1028,140.07
1038,140.07
1048,140.07
1059,140.07
1069,140.07
1079,140.07
1089,140.07
1099,140.07
1109,140.07
1120,140.07
1129,140.07
1139,140.07
1149,140.07
1159,140.07
1169,140.07
1179,140.07
1189,140.07
1199,140.07
1209,140.07
1219,140.07
1229,140.07
1239,140.07
1249,140.07
1259,140.07
1269,140.07
1279,140.07
1289,140.07
1299,140.07
1309,140.07
1320,140.07
1330,140.07
1340,140.07
1350,140.07
1360,140.07
1370,140.07
1380,140.07
1390,140.07
1400,140.07
1410,140.07
1422,140.07
1432,140.07
1442,140.07
1452,140.07
1463,140.07
1472,140.07
1482,140.07
1492,140.07
1502,140.07
1512,140.07
1523,160.11
1533,160.11
1543,160.11
1553,160.11
1563,160.11
1573,160.11
1584,160.11
1594,160.11
1604,160.11
1614,160.11
1624,160.11
1634,160.11
1645,160.11
1655,160.11
1665,160.11
1675,160.11
1685,160.11
1695,160.11
1705,160.11
1717,160.11
1727,160.11
1742,160.11
1752,160.11
1767,160.11
1777,160.11
1787,160.11
1797,160.11
1807,160.11
1817,160.11
1827,160.11
1837,160.11
1847,160.11
1857,160.11
1867,160.11
1877,160.11
1887,160.11
1897,160.11
1907,160.11
1918,160.11
1928,160.11
1938,160.11
1948,160.11
1958,160.11
1968,160.11
1979,160.11
1989,160.11
2000,160.11
2010,160.11
2020,160.11
2030,160.11
2040,160.11
2050,160.11
2060,160.11
2073,160.11
2083,160.11
2093,160.11
2104,160.11
2114,160.11
2125,160.11
2135,160.11
2145,160.11
2155,160.11
2165,160.11
2175,160.11
2186,160.11
2195,160.11
2205,160.11
2215,160.11
2225,160.11
2235,160.11
2245,160.11
2255,160.11
2265,180.14
2275,180.14
2285,180.14
2295,180.14
2305,180.14
2316,180.14
2326,180.14
2336,180.14
2346,180.14
2356,180.14
2366,180.14
2376,180.14
2386,180.14
2396,180.14
2406,180.14
2416,180.14
2426,180.14
2436,180.14
2447,180.14
2457,180.14
2467,180.14
2477,180.14
2487,180.14
2497,180.14
2508,180.14
2518,180.14
2528,200.18
2538,220.22
2548,240.26
2558,260.3
2568,260.3
2578,260.3
2588,260.3
2598,260.3
2608,260.3
2618,260.3
2628,280.35
2639,280.35
2649,280.35
2659,280.35
2669,300.39
2679,300.39
2689,300.39
2700,300.39
2710,300.39
2720,320.4
2730,320.4
2740,320.4
2750,320.4
2760,320.4
2770,320.4
2780,360.42
2790,360.42
2800,360.42
2810,380.43
2820,440.46
2831,440.46
2841,440.46
2851,440.46
2861,440.46
2871,440.46
2881,440.46
2891,440.46
2901,440.46
2911,440.46
2921,440.46
2931,440.46
2941,440.46
2951,440.46
2961,440.46
2971,440.46
2981,440.46
2991,440.46
3001,440.46
3011,440.46
3022,440.46
3032,440.46
3042,440.46
3052,440.46
3062,440.46
3072,440.46
3082,440.46
3092,440.46
3102,440.46
3112,440.46
3122,440.46
3132,440.46
3142,460.47
3152,460.47
3162,460.47
3172,460.47
3182,460.47
3192,460.47
3202,460.47
3213,460.47
3223,460.47
3233,460.47
3243,480.48
3253,480.48
3263,480.48
3274,480.48
3283,480.48
3293,480.48
3303,480.48
3313,480.48
3326,480.48
3336,480.48
3346,480.48
3356,480.48
3366,480.48
3376,480.48
3386,480.48
3396,480.48
3406,480.48
3416,480.48
3428,480.48
3438,480.48
3448,480.48
3458,480.48
3468,480.48
3478,480.48
3488,480.48
3499,520.57
3509,540.61
3519,560.65
3529,560.65
3539,600.73
3549,660.86
3559,720.92
3569,800.96
3579,800.96
3589,800.96
3599,820.97
3609,820.97
3619,820.97
3629,820.97
3639,820.97
3649,820.97
3659,841.0
3669,841.0
3679,841.0
3689,841.0
3700,841.0
3711,841.0
3721,841.0
3731,841.0
3742,841.0
3752,841.0
3762,861.01
3772,861.01
3782,861.01
3792,861.01
3802,861.01
3812,861.01
3822,861.01
3832,861.01
3842,861.01
3852,861.01
3862,861.01
3873,861.01
3883,861.01
3893,861.01
3903,861.01
3913,861.01
3923,861.01
3933,861.01
3943,861.01
3953,861.01
3963,861.01
3973,861.01
3983,861.01
3993,861.01
4004,861.01
4014,861.01
4024,861.01
4034,881.03
4044,881.03
4054,881.03
4064,881.03
4075,881.03
4087,881.03
4098,881.03
4108,881.03
4119,881.03
4129,881.03
4139,881.03
4149,881.03
4159,881.03
4169,881.03
4179,881.03
4189,881.03
4199,881.03
4209,881.03
4219,881.03
4229,881.03
4239,901.04
4250,901.04
4260,901.04
4270,901.04
4280,901.04
4290,901.04
4300,901.04
4310,901.04
4321,901.04
4331,901.04
4341,901.04
4351,901.04
4361,921.05
4371,921.05
4381,921.05
4391,921.05
4401,921.05
4411,941.06
4421,941.06
4431,941.06
4441,941.06
4452,941.06
4462,961.07
4472,981.08
4476,981.08,task,start,1,0,0,0,0
4476,981.08,task,start,0,0,0,0,0
4482,981.08
4492,981.08
4503,981.08
4513,981.08
4526,981.08
4536,981.08
4546,981.08
4556,981.08
4566,981.08
4577,981.08
4587,981.08
4597,981.08
4607,981.08
4617,981.08
4627,981.08
4638,981.08
4648,981.08
4658,981.08
4668,981.08
4678,981.08
4688,981.08
4698,981.08
4709,981.08
4719,981.08
4729,981.08
4739,981.08
4750,981.08
4760,981.08
4770,981.08
4780,981.08
4791,981.08
4801,981.08
4811,981.08
4821,981.08
4831,981.08
4841,981.08
4851,981.08
4861,981.08
4872,981.08
4882,981.08
4892,981.08
4902,1000.5
4959,34.15
4969,54.56
4979,64.76
4989,64.77
4999,64.77
5009,64.77
5019,64.77
5029,64.77
5039,82.02
5049,82.02
5059,82.02
5069,82.02
5079,82.02
5089,82.02
5099,82.02
5109,82.02
5120,82.02
5130,82.02
5140,82.02
5150,82.02
5160,82.02
5170,82.02
5175,82.02,persist,memory,2274
5180,82.02
5191,92.22
5201,112.64
5211,112.64
5221,112.64
5231,112.64
5241,112.64
5255,112.64
5265,112.64
5275,112.64
5285,112.64
5295,112.64
5305,112.64
5315,112.64
5325,112.64
5335,112.64,persist,memory,3912
5335,112.64
5345,122.84
5355,122.84
5365,122.84
5375,122.84
5385,122.84
5395,122.84
5405,122.84
5416,133.05
5426,133.05
5436,133.05
5444,133.05,persist,memory,3818
5446,133.05
5456,133.05
5466,133.05
5476,133.05
5486,143.3
5496,143.3
5507,143.3
5517,143.3
5527,153.5
5537,153.5
5547,153.5
5557,153.5
5567,153.5
5577,153.5
5587,153.5
5591,153.5,persist,memory,41160
5597,153.5
5607,153.5
5617,153.5
5628,153.5
5638,153.5
5648,153.5
5658,153.5
5668,153.5
5679,153.5
5689,153.5
5699,153.5
5709,153.51
5719,153.51
5729,153.51
5740,153.51
5750,153.51
5760,153.51
5770,153.51
5780,153.51
5790,153.51
5800,153.51
5810,153.51
5820,153.51
5830,153.51
5840,153.51
5850,163.71
5860,164.97
5871,164.97
5881,164.97
5891,164.97
5901,164.97
5911,164.97
5921,164.97
5931,164.97
5941,164.97
5951,164.97
5961,164.97
5971,164.97
5981,164.97
5991,164.97
6002,164.97
6012,164.97
6022,164.97
6032,164.97
6042,164.97
6052,164.97
6062,164.97
6072,164.97
6082,164.97
6092,164.97
6102,164.97
6112,164.97
6122,164.97
6133,164.97
6152,164.97
6162,164.97
6172,164.97
6182,164.97
6192,164.97
6202,164.97
6212,164.97
6222,164.97
6232,164.97
6242,164.97
6252,164.97
6262,164.97
6275,164.97
6285,164.97
6295,164.97
6305,164.97
6315,175.18
6327,175.18
6337,175.18
6347,175.18
6357,175.18
6367,175.18
6377,175.18
6387,175.18
6397,175.18
6408,175.18
6418,175.18
6428,175.18
6438,175.18
6448,175.18
6458,175.18
6469,175.18
6479,175.18
6489,175.18
6499,175.18
6509,175.18
6519,175.18
6530,175.18
6540,175.18
6550,175.18
6560,175.18
6570,175.18
6580,175.18
6591,175.18
6601,175.18
6611,175.18
6621,175.18
6631,175.18
6641,175.18
6651,175.18
6662,175.18
6672,175.18
6682,175.18
6692,175.18
6702,175.18
6712,175.18
6723,175.18
6732,175.18
6742,175.18
6752,175.18
6762,175.18
6772,175.18
6782,175.18
6793,175.18
6803,175.18
6813,175.18
6823,175.19
6833,175.19
6843,175.19
6854,175.19
6864,175.19
6874,175.19
6884,175.19
6894,175.19
6904,175.19
6914,175.19
6925,175.19
6935,175.19
6945,175.19
6955,175.19
6965,175.19
6975,175.19
6986,175.19
6996,175.19
7006,175.19
7016,175.19
7026,175.19
7036,175.19
7046,175.19
7056,175.19
7066,175.19
7076,175.19
7086,175.19
7096,175.19
7107,175.19
7117,175.19
7127,175.19
7137,175.19
7147,175.19
7157,175.19
7167,175.19
7177,175.19
7187,175.19
7197,175.19
7207,175.19
7217,175.19
7228,175.19
7238,175.19
7248,175.19
7258,175.19
7268,175.19
7278,175.19
7288,175.19
7298,175.19
7308,175.19
7318,175.19
7328,175.19
7338,175.19
7349,175.19
7359,175.19
7369,175.19
7379,175.19
7389,175.19
7399,175.19
7410,175.19
7420,175.19
7430,175.19
7440,175.19
7450,175.19
7460,175.19
7470,175.19
7481,175.19
7491,175.19
7501,175.19
7511,175.19
7521,175.19
7531,175.19
7541,175.19
7552,175.19
7562,175.19
7572,175.19
7582,175.19
7592,175.19
7602,175.2
7612,175.2
7622,175.2
7632,175.2
7642,175.2
7652,175.2
7662,175.2
7672,175.2
7683,175.2
7693,175.2
7703,175.2
7713,175.2
7723,175.2
7733,175.2
7743,175.2
7754,175.2
7764,175.2
7774,175.2
7784,175.2
7794,175.2
7804,185.4
7814,185.4
7824,185.4
7834,195.61
7844,195.61
7854,195.61
7864,195.61
7874,195.61
7885,195.61
7895,195.61
7905,195.61
7915,195.61
7925,195.61
7935,195.61
7945,195.61
7955,195.61
7965,195.61
7975,195.61
7985,195.61
7995,195.61
8005,195.61
8016,195.61
8026,195.61
8036,195.61
8047,195.61
8057,195.61
8067,195.61
8077,195.61
8088,195.61
8098,195.61
8108,195.61
8118,195.61
8128,195.61
8138,195.61
8148,195.61
8159,195.61
8169,195.61
8179,205.82
8189,205.82
8202,205.82
8212,205.82
8222,205.82
8232,205.82
8242,205.82
8252,205.82
8262,205.82
8272,205.82
8282,205.82
8292,205.82
8302,205.82
8312,205.82
8322,216.03
8332,216.03
8343,216.03
8353,216.03
8363,216.03
8373,216.03
8383,216.03
8396,216.03
8406,216.03
8416,216.03
8426,216.03
8436,216.03
8446,216.03
8456,226.23
8467,226.23
8477,226.23
8487,226.23
8497,226.23
8508,226.23
8518,226.23
8528,226.23
8538,226.23
8548,226.23
8558,236.44
8568,246.64
8578,246.64
8588,246.64
8598,246.64
8608,246.64
8619,246.64
8629,246.64
8639,246.64
8649,246.64
8659,246.64
8669,256.85
8679,256.85
8690,256.85
8700,256.85
8710,256.85
8720,256.85
8730,256.85
8740,256.85
8752,256.85
8762,256.85
8773,267.06
8783,267.06
8793,267.06
8803,267.06
8813,267.06
8823,267.06
8833,267.06
8844,267.06
8854,267.06
8864,267.06
8874,267.06
8884,267.06
8894,267.06
8904,267.06
8914,267.06
8924,267.06
8934,267.06
8944,267.06
8954,267.06
8964,267.06
8975,277.28
8985,277.28
8995,277.28
9005,277.28
9015,277.28
9025,277.28
9040,277.28
9050,277.28
9060,277.28
9071,287.49
9081,297.69
9091,297.69
9102,297.69
9112,297.69
9122,297.69
9132,297.69
9142,297.69
9152,297.69
9162,297.69
9172,307.9
9182,307.9
9192,307.9
9202,307.9
9212,307.9
9222,307.9
9232,307.9
9242,307.9
9252,307.9
9262,318.1
9272,318.1
9282,318.1
9292,318.1
9302,318.1
9312,318.1
9322,318.1
9332,338.52
9342,338.52
9352,338.52
9362,338.52
9373,338.52
9383,338.52
9393,338.52
9403,338.52
9415,338.52
9425,338.52
9435,348.72
9445,348.72
9455,348.72
9465,348.72
9475,348.72
9485,348.72
9495,358.93
9505,358.93
9515,358.93
9525,369.13
9535,369.13
9545,369.13
9555,369.13
9565,369.13
9576,369.13
9586,369.13
9596,369.13
9606,369.13
9616,369.13
9626,389.54
9636,389.54
9647,389.54
9657,389.55
9667,389.55
9677,409.56
9687,409.56
9697,409.56
9707,409.56
9718,409.56
9728,419.76
9738,419.76
9748,429.97
9758,429.97
9768,429.97
9778,429.97
9788,429.97
9798,429.97
9808,429.97
9818,429.97
9828,440.17
9838,440.17
9848,440.17
9859,450.38
9869,450.38
9879,450.38
9889,450.38
9899,450.38
9909,450.38
9919,450.38
9930,460.58
9940,460.58
9950,460.58
9960,470.79
9970,470.79
9980,470.79
9990,470.79
10001,470.79
10011,470.79
10021,470.79
10031,470.79
10041,481.0
10051,481.0
10061,491.2
10072,491.2
10082,491.2
10092,491.2
10102,491.2
10112,491.2
10122,491.2
10132,501.41
10143,501.41
10153,501.41
10163,511.61
10173,511.61
10183,511.61
10193,511.61
10203,511.61
10214,511.61
10224,511.61
10234,511.61
10244,521.82
10254,521.82
10264,532.02
10274,532.02
10285,532.02
10295,532.02
10305,532.02
10315,532.02
10325,532.02
10335,542.23
10345,542.23
10356,542.23
10366,552.45
10376,552.45
10386,552.45
10396,552.45
10406,552.45
10416,552.45
10427,552.45
10437,562.66
10447,562.66
10457,562.66
10467,562.66
10477,572.86
10487,572.86
10498,572.86
10508,572.86
10518,572.86
10528,572.86
10538,572.86
10548,572.86
10558,572.86
10568,572.86
10578,572.86
10588,572.86
10598,572.86
10608,572.86
10618,572.86
10628,572.87
10638,572.87
10648,572.87
10658,572.87
10668,572.87
10678,572.87
10689,572.87
10699,572.87
10709,572.87
10719,572.87
10729,572.87
10739,572.87
10750,572.87
10759,572.87
10769,572.87
10779,572.87
10789,572.87
10799,572.87
10809,572.87
10819,572.87
10829,572.87
10839,572.87
10849,572.87
10859,572.87
10869,572.87
10880,572.87
10889,572.87
10899,593.28
10909,593.28
10919,593.28
10929,593.28
10939,593.28
10949,593.28
10959,593.28
10969,593.28
10979,593.28
10989,593.28
10999,613.69
11009,613.69
11020,613.69
11030,613.69
11040,613.69
11050,613.69
11060,613.69
11070,613.69
11080,613.69
11091,623.9
11101,634.1
11111,634.1
11121,634.1
11131,634.1
11141,634.1
11151,634.1
11161,634.1
11171,634.1
11181,634.1
11191,644.31
11201,644.31
11211,654.51
11221,654.51
11231,654.51
11241,654.51
11252,654.51
11262,654.51
11272,654.51
11282,654.51
11292,664.72
11302,664.72
11312,674.93
11323,674.93
11333,674.93
11343,674.93
11353,674.93
11363,674.93
11373,674.93
11383,674.93
11394,685.13
11404,685.13
11414,695.34
11424,695.34
11434,695.34
11444,695.34
11454,695.34
11465,695.34
11475,695.34
11485,705.54
11495,705.54
11505,705.54
11515,705.54
11525,715.75
11536,715.75
11546,715.75
11556,715.75
11566,715.75
11576,715.75
11586,725.95
11596,725.95
11607,725.95
11617,725.95
11627,736.16
11637,736.16
11647,736.16
11657,736.16
11667,736.16
11678,736.16
11688,746.37
11698,746.37
11708,746.37
11718,746.37
11728,756.57
11738,756.57
11748,756.57
11758,756.57
11768,756.57
11778,766.78
11788,766.78
11798,766.78
11808,766.78
11818,766.78
11828,766.78
11838,776.98
11848,776.98
11858,776.98
11868,776.98
11878,787.19
11888,787.19
11898,787.19
11908,787.19
11918,787.19
11928,787.19
11939,797.39
11949,797.39
11959,797.39
11969,797.4
11979,807.6
11989,807.6
11999,807.6
12010,807.6
12020,807.6
12030,807.6
12040,807.6
12050,817.81
12060,817.81
12070,817.81
12081,828.01
12091,828.01
12101,828.01
12111,828.01
12121,828.01
12131,828.01
12141,828.01
12151,838.22
12161,838.22
12171,848.42
12181,848.42
12191,848.42
12201,848.42
12212,848.42
12222,848.42
12232,848.42
12242,848.42
12252,848.42
12262,858.63
12272,868.83
12283,868.84
12293,868.84
12303,868.84
12313,868.84
12323,868.84
12333,868.84
12343,879.04
12354,889.25
12364,889.25
12374,889.25
12384,889.25
12394,889.25
12404,889.25
12414,889.25
12425,889.25
12435,889.25
12445,909.66
12455,909.66
12465,909.66
12475,909.66
12485,909.66
12496,909.66
12506,909.66
12516,909.66
12526,909.66
12536,909.66
12546,919.86
12556,930.07
12567,930.07
12577,930.07
12587,930.07
12597,930.07
12607,930.07
12617,930.07
12627,930.07
12638,930.07
12648,940.28
12658,950.48
12668,950.48
12678,950.48
12688,950.48
12698,950.48
12708,950.48
12718,950.48
12728,950.48
12738,950.48
12748,960.69
12758,970.89
12768,970.89
12778,970.89
12788,970.89
12798,970.89
12808,970.89
12818,970.89
12828,970.89
12839,970.89
12849,981.1
12859,991.3
12869,991.3
12879,991.3
12889,991.3
12899,991.3
12910,991.3
12920,991.3
12930,991.3
12940,991.31
12950,1001.51
12960,1011.72
12970,1011.72
12981,1011.72
12991,1011.72
13001,1011.72
13011,1011.72
13021,1011.72
13031,1011.72
13042,1021.92
13052,1021.92
13062,1024.44
13117,37.18
13128,56.66
13138,56.66
13148,56.66
13158,56.66
13168,56.66
13178,56.66
13188,56.66
13198,66.01
13209,66.01
13219,66.01
13229,76.15
13239,76.15
13249,76.15
13259,76.15
13269,76.15
13280,76.15
13290,85.49
13300,85.49
13310,95.63
13320,95.63
13330,95.63
13341,95.63
13351,95.63
13361,104.98
13371,104.98
13381,104.98
13391,104.98
13401,115.11
13411,115.11
13421,115.11
13431,115.11
13441,115.11
13451,124.46
13461,124.46
13472,124.46
13482,124.46
13492,124.46
13502,134.59
13512,134.59
13522,134.6
13532,134.6
13543,143.94
13553,143.94
13563,143.94
13573,150.65
13583,160.78
13593,160.78
13603,160.78
13614,160.78
13624,170.13
13634,170.13
13644,170.13
13654,170.13
13664,180.27
13674,180.27
13684,180.27
13694,180.27
13704,189.61
13714,189.61
13724,189.61
13734,189.61
13744,199.75
13754,199.75
13764,199.75
13774,209.1
13784,209.1
13794,209.1
13804,209.1
13815,209.1
13824,209.1
13834,219.23
13844,219.23
13854,228.58
13864,228.58
13874,228.58
13885,228.58
13895,228.58
13905,228.58
13915,238.71
13925,248.06
13935,248.06
13946,248.06
13956,248.06
13966,248.06
13976,248.06
13986,248.06
13996,258.2
14007,267.54
14017,267.54
14027,267.55
14037,267.55
14047,267.55
14057,267.55
14067,267.55
14078,287.03
14088,287.03
14098,287.03
14108,287.03
14118,287.03
14128,287.03
14138,287.03
14148,296.38
14158,306.51
14168,306.51
14178,306.51
14189,306.51
14199,306.51
14209,306.51
14219,306.51
14229,315.86
14239,325.99
14249,325.99
14260,325.99
14270,325.99
14280,325.99
14290,325.99
14300,335.34
14311,335.34
14320,345.48
14330,345.48
14340,345.48
14351,345.48
14360,345.48
14370,345.48
14380,354.82
14390,354.82
14400,354.82
14410,364.96
14421,364.96
14431,364.96
14441,364.96
14451,364.96
14461,374.31
14471,374.31
14481,384.44
14492,384.44
14502,384.44
14512,384.44
14522,384.44
14532,393.79
14542,393.79
14552,393.79
14562,393.79
14572,403.92
14582,403.92
14592,403.92
14602,403.92
14612,413.27
14622,413.27
14632,413.27
14642,413.27
14652,413.27
14662,423.41
14672,433.61
14682,433.61
14692,433.61
14702,442.96
14712,442.96
14722,442.96
14732,442.96
14742,442.96
14752,453.1
14762,453.1
14772,462.44
14782,462.44
14792,462.44
14802,462.44
14812,462.44
14822,462.44
14833,472.58
14842,472.58
14852,481.93
14862,481.93
14872,481.93
14882,481.93
14892,481.93
14903,481.93
14913,492.06
14923,501.41
14933,501.41
14943,501.41
14953,501.41
14964,501.41
14974,501.41
14984,501.41
14994,511.54
15004,520.89
15014,520.89
15024,520.89
15035,520.89
15045,520.89
15055,520.89
15065,520.89
15075,540.37
15085,540.37
15095,540.37
15106,540.37
15116,540.37
15126,540.37
15136,540.37
15146,540.38
15156,559.86
15166,559.86
15177,559.86
15187,559.86
15197,559.86
15207,559.86
15217,559.86
15227,569.21
15238,579.34
15248,579.34
15258,579.34
15268,579.34
15278,579.34
15288,579.34
15299,588.69
15309,588.69
15319,598.82
15329,598.82
15339,598.82
15349,598.82
15360,598.82
15369,608.17
15379,608.17
15389,608.17
15399,618.31
15409,618.31
15419,618.31
15430,618.31
15440,618.31
15450,627.65
15460,627.65
15470,627.65
15480,637.79
15490,637.79
15500,637.79
15510,637.79
15520,637.79
15530,637.79
15540,637.79
15550,637.79
15561,637.79
15571,637.79
15581,637.79
15591,637.79
15601,637.79
15611,637.79
15622,637.79
15632,637.79
15642,637.79
15652,637.79
15662,637.79
15672,637.79
15683,637.79
15692,637.79
15702,637.79
15712,637.79
15722,637.79
15732,637.79
15742,637.79
15752,637.79
15762,637.79
15772,637.79
15782,637.79
15792,637.79
15802,637.79
15812,637.79
15822,637.79
15832,637.79
15842,637.79
15852,637.79
15862,638.43
15872,638.43
15883,638.43
15893,638.43
15903,638.43
15913,638.43
15923,638.43
15933,638.43
15944,638.43
15954,638.43
15964,638.43
15974,638.43
15984,638.43
15994,638.43
16004,638.43
16014,638.43
16024,638.43
16034,638.43
16044,638.43
16054,638.43
16064,638.43
16074,638.43
16084,638.43
16094,638.43
16104,638.44
16114,638.44
16124,638.44
16135,638.44
16145,638.44
16155,638.44
16165,638.44
16175,638.44
16185,638.44
16196,638.44
16206,638.44
16216,638.44
16226,638.44
16236,638.44
16246,638.44
16257,638.44
16267,638.44
16277,638.44
16287,638.44
16297,638.44
16307,638.44
16317,638.44
16327,638.44
16337,638.44
16347,638.44
16357,638.44
16367,647.79
16377,647.79
16387,647.79
16398,647.79
16408,647.79
16418,647.79
16428,647.79
16438,657.14
16448,657.14
16458,657.14
16468,657.14
16478,657.14
16488,657.14
16498,657.14
16508,657.14
16518,676.62
16528,696.63
16539,696.63
16549,696.63
16559,696.63
16569,696.63
16579,710.04
16589,710.04
16600,710.04
16610,710.04
16620,710.04
16630,710.04
16640,710.04
16650,710.04
16660,710.04
16671,710.04
16681,710.04
16691,710.04
16701,710.04
16711,710.04
16721,710.04
16732,710.04
16742,710.04
16752,710.04
16762,710.04
16772,710.04
16782,710.04
16792,710.04
16803,719.39
16813,719.39
16823,729.54
16833,729.54
16843,729.54
16853,729.54
16863,729.54
16874,729.54
16884,738.89
16894,749.02
16904,749.02
16914,749.02
16924,749.02
16935,749.02
16944,749.02
16954,768.5
16964,768.5
16974,768.5
16984,768.51
16994,768.51
17005,768.51
17014,768.51
17024,778.64
17034,778.64
17044,787.99
17054,787.99
17064,787.99
17074,787.99
17084,798.12
17096,798.12
17106,798.12
17116,798.12
17126,807.47
17136,807.47
17146,807.47
17156,817.6
17166,817.6
17176,817.6
17186,817.6
17196,817.6
17207,817.6
17217,826.95
17227,826.95
17237,837.09
17247,837.09
17257,837.09
17267,837.09
17277,837.09
17287,837.09
17297,837.09
17307,846.44
17317,846.44
17328,856.57
17338,856.57
17348,856.57
17358,856.57
17368,865.92
17378,865.92
17388,865.92
17398,876.05
17408,876.05
17418,876.05
17428,885.4
17438,885.4
17448,885.4
17458,885.4
17468,895.53
17478,904.88
17488,904.88
17498,904.88
17508,904.88
17518,904.88
17532,904.88
17542,924.36
17552,924.37
17562,924.37
17572,924.37
17582,924.37
17592,924.37
17603,943.85
17613,943.85
17623,943.85
17633,943.85
17643,943.85
17653,943.85
17663,953.98
17674,963.33
17683,963.33
17693,963.33
17703,963.33
17713,963.33
17723,963.33
17733,982.81
17743,982.81
17753,982.81
17763,982.81
17773,982.81
17783,982.81
17793,1002.29
17804,1002.29
17813,1002.29
17823,1002.29
17833,1002.3
17843,1002.3
17853,1012.43
17863,1021.78
17874,1021.78
17884,1021.78
17894,1021.78
17904,1021.78
17914,1021.78
17946,31.68
17956,50.95
17966,50.95
17976,50.95
17986,50.95
17996,50.95
18006,60.3
18017,70.22
18027,70.22
18037,70.22
18047,70.22
18057,70.22
18067,70.22
18077,79.57
18088,89.49
18098,89.49
18108,89.49
18118,89.49
18128,98.84
18138,98.84
18148,108.76
18159,108.76
18169,108.76
18179,108.76
18189,108.76
18199,118.11
18209,128.03
18219,128.03
18230,128.03
18239,128.03
18249,128.03
18259,137.38
18269,147.3
18279,147.3
18289,147.3
18299,147.3
18309,147.3
18319,156.65
18329,156.65
18339,166.57
18349,166.57
18359,166.57
18369,166.57
18379,175.92
18389,175.92
18399,185.84
18409,185.84
18419,185.84
18429,185.84
18439,195.19
18449,195.19
18459,195.19
18469,205.11
18479,205.11
18489,205.11
18499,214.46
18509,214.46
18519,214.46
18529,224.38
18539,224.38
18549,224.38
18559,224.38
18569,224.38
18580,233.73
18589,233.73
18599,243.65
18609,243.65
18619,243.65
18629,243.65
18639,253.0
18649,253.0
18659,253.0
18669,262.92
18679,262.92
18689,262.92
18699,272.27
18709,272.27
18720,272.27
18730,272.27
18740,282.19
18750,282.19
18760,291.54
18770,291.54
18780,291.54
18791,291.54
18801,301.46
18811,301.46
18821,301.46
18831,310.81
18841,310.81
18852,310.81
18862,320.73
18872,320.73
18882,320.73
18892,330.07
18902,330.07
18912,330.08
18924,330.08
18934,340.0
18944,340.0
18954,349.34
18964,349.34
18974,349.35
18984,349.35
18994,349.35
19004,359.27
19014,368.61
19024,368.61
19034,368.61
19044,368.61
19054,368.61
19064,378.54
19074,387.88
19084,387.88
19094,387.88
19104,387.88
19114,387.88
19124,397.81
19134,407.15
19145,407.15
19155,407.15
19165,407.15
19175,407.15
19185,407.15
19195,426.42
19205,426.42
19216,426.42
19226,426.42
19236,426.42
19246,426.42
19256,445.69
19266,445.69
19276,445.69
19287,445.69
19297,445.69
19307,445.69
19317,464.96
19327,464.96
19337,464.96
19347,464.96
19358,464.96
19368,464.96
19378,464.96
19388,484.23
19398,484.23
19408,484.23
19418,484.23
19429,484.23
19439,493.58
19449,503.5
19459,503.5
19469,503.5
19479,503.5
19489,503.5
19500,503.5
19510,522.77
19520,522.77
19530,522.77
19540,522.77
19550,522.77
19560,522.77
19570,532.12
19580,542.04
19590,542.04
19600,542.04
19610,542.04
19620,542.04
19630,551.39
19641,561.31
19651,561.31
19661,561.31
19671,561.31
19681,561.31
19691,570.66
19701,570.66
19712,580.58
19722,580.58
19732,580.58
19742,580.58
19752,589.93
19762,589.93
19772,599.85
19783,599.85
19793,599.85
19803,599.85
19813,599.85
19823,599.85
19833,609.77
19843,609.77
19854,619.12
19864,619.12
19874,619.12
19884,619.12
19894,629.04
19904,629.04
19914,629.04
19925,638.39
19935,638.39
19945,638.39
19955,648.31
19965,648.31
19975,648.31
19985,657.66
19996,657.66
20006,657.66
20016,667.58
20026,667.58
20036,667.58
20046,676.93
20056,676.93
20067,676.93
20077,686.85
20087,686.85
20097,686.85
20107,696.2
20117,696.2
20128,696.2
20138,696.2
20148,706.12
20158,706.12
20168,715.47
20178,715.47
20188,715.47
20199,715.47
20209,725.39
20219,725.39
20229,725.39
20239,734.74
20249,734.74
20259,734.74
20270,744.66
20280,744.66
20293,744.66
20302,754.01
20312,754.01
20322,754.01
20332,754.01
20342,763.93
20352,763.93
20363,773.28
20373,773.28
20383,773.28
20393,773.28
20403,783.2
20413,783.2
20423,783.2
20434,792.55
20444,792.55
20454,792.55
20464,802.47
20474,802.47
20484,802.47
20494,802.47
20505,802.47
20515,802.47
20525,802.47
20535,802.47
20545,802.47
20555,802.47
20565,802.47
20575,802.47
20585,802.47
20595,802.47
20605,802.48
20615,802.48
20625,802.48
20635,802.48
20645,802.48
20655,802.48
20665,802.48
20676,802.48
20686,802.48
20696,802.48
20706,802.48
20716,802.48
20726,802.48
20736,802.48
20747,802.48
20757,802.48
20767,802.48
20777,802.48
20787,802.48
20797,802.48
20807,802.48
20817,802.48
20827,802.48
20837,802.48
20847,802.48
20857,802.48
20867,802.48
20877,802.48
20887,802.48
20897,802.48
20907,802.48
20917,802.48
20927,802.48
20937,802.48
20947,802.48
20957,802.48
20968,802.48
20978,802.48
20988,802.48
20998,802.48
21008,802.48
21018,802.48
21029,802.48
21039,802.48
21049,802.48
21059,802.48
21069,802.48
21079,802.48
21089,802.48
21099,802.48
21109,802.48
21119,802.48
21129,802.48
21139,802.48
21149,802.48
21159,802.48
21169,802.48
21179,802.48
21189,802.48
21199,802.48
21209,802.49
21220,802.49
21230,802.49
21240,802.49
21250,802.49
21260,802.49
21270,802.49
21280,802.49
21291,802.49
21301,802.49
21311,802.49
21321,802.49
21331,802.49
21341,802.49
21351,802.49
21362,802.49
21372,802.49
21382,802.49
21392,802.49
21402,802.49
21412,802.49
21422,802.49
21432,802.49
21442,802.49
21452,802.49
21462,802.49
21472,802.49
21482,802.49
21493,802.49
21503,802.49
21513,802.49
21523,802.49
21533,802.49
21543,802.49
21553,802.49
21564,802.49
21574,802.49
21584,802.49
21594,802.49
21604,802.49
21614,802.49
21625,802.49
21635,802.49
21645,802.49
21655,802.49
21665,802.49
21675,802.49
21686,802.49
21696,802.49
21706,802.49
21716,802.49
21726,802.49
21736,802.49
21747,802.49
21757,802.49
21767,802.49
21777,821.76
21787,821.76
21797,821.76
21807,821.76
21817,821.76
21827,821.76
21837,841.03
21847,841.03
21857,841.03
21867,841.03
21878,841.03
21888,841.03
21898,860.3
21908,860.3
21918,860.3
21928,860.3
21938,860.3
21948,860.3
21958,870.22
21968,879.57
21978,879.57
21988,879.57
21998,879.57
22008,879.57
22018,879.57
22029,898.84
22039,898.84
22049,898.84
22059,898.84
22069,898.84
22079,908.19
22089,908.19
22099,908.19
22109,908.19
22119,908.19
22129,908.19
22139,927.46
22149,927.46
22159,927.46
22169,927.46
22180,927.46
22190,927.46
22200,936.81
22210,936.81
22220,936.81
22230,946.73
22240,946.73
22250,946.73
22260,956.08
22270,956.08
22280,956.08
22290,956.08
22300,966.0
22310,966.0
22320,975.35
22331,975.35
22341,975.35
22351,975.35
22361,975.35
22371,984.7
22381,984.7
22391,994.62
22402,994.62
22412,994.62
22422,994.62
22432,994.62
22442,1003.97
22452,1013.89
22462,1013.89
22473,1013.89
22483,1013.89
22493,1013.89
22503,1023.24
22513,1027.77
22523,1027.77
22534,1027.77
22544,1027.77
22574,30.05
22584,49.59
22594,49.59
22604,49.59
22614,49.59
22624,49.59
22634,59.13
22644,69.12
22654,69.12
22664,69.12
22674,69.12
22684,69.12
22695,69.12
22705,88.66
22715,88.66
22725,88.66
22735,88.66
22745,88.66
22755,88.66
22765,108.19
22775,108.19
22785,108.19
22795,108.19
22805,108.2
22815,108.2
22825,127.73
22835,127.73
22845,127.73
22855,127.73
22865,127.73
22875,127.73
22885,147.27
22895,147.27
22905,147.27
22916,147.27
22926,147.27
22936,147.27
22946,147.27
22956,166.8
22966,166.8
22977,166.8
22987,166.8
22997,166.8
23007,166.8
23017,186.34
23027,186.34
23037,186.34
23047,186.34
23057,186.34
23067,186.34
23077,195.88
23087,205.87
23097,205.87
23107,205.87
23118,205.87
23128,205.87
23138,215.42
23148,225.41
23158,225.41
23168,225.41
23178,225.41
23188,225.41
23198,234.95
23208,244.94
23218,244.94
23228,244.94
23238,244.94
23248,244.94
23258,244.94
23268,264.48
23278,264.48
23288,264.48
23298,264.48
23308,264.48
23318,264.48
23329,274.02
23339,284.01
23349,284.01
23359,284.01
23369,284.02
23379,284.02
23389,293.56
23399,303.55
23409,303.55
23419,303.55
23429,303.55
23439,303.55
23449,303.55
23459,323.09
23469,323.09
23479,323.09
23489,323.09
23499,323.09
23509,323.09
23519,332.63
23529,342.62
23539,342.62
23549,342.62
23559,342.62
23569,347.03
23579,356.57
23589,366.56
23599,366.56
23610,366.56
23620,366.56
23630,366.56
23640,366.56
23650,386.1
23660,386.1
23671,386.1
23681,386.1
23691,386.1
23701,395.64
23711,395.64
23721,405.63
23731,405.63
23741,405.63
23752,405.63
23762,405.63
23772,415.18
23782,425.17
23792,425.17
23802,425.17
23812,425.17
23822,425.17
23832,434.71
23842,444.7
23852,444.7
23862,444.7
23872,444.7
23882,444.7
23892,454.25
23902,454.25
23912,464.24
23922,464.24
23932,464.24
23942,464.24
23952,464.24
23963,473.78
23973,483.77
23983,483.78
23993,483.78
24003,483.78
24013,483.78
24023,493.32
24034,503.31
24044,503.31
24054,503.31
24064,503.31
24074,503.31
24084,512.86
24094,522.85
24104,522.85
24114,522.85
24124,522.85
24134,522.85
24144,522.85
24154,532.39
24164,542.38
24174,542.38
24185,542.38
24195,542.38
24205,542.38
24215,542.38
24225,561.92
24235,561.92
24245,561.92
24255,561.92
24265,561.92
24275,561.92
24285,571.46
24295,581.45
24305,581.45
24315,581.45
24325,581.45
24335,581.45
24345,581.45
24355,600.99
24365,600.99
24375,600.99
24385,600.99
24395,600.99
24406,600.99
24416,620.52
24426,620.52
24436,620.52
24446,620.52
24456,620.52
24466,620.52
24476,630.07
24486,640.06
24496,640.06
24506,640.06
24516,640.06
24526,640.06
24536,649.6
24546,659.59
24557,659.59
24567,659.59
24577,659.59
24587,659.59
24597,669.14
24607,679.13
24617,679.13
24628,679.13
24638,679.13
24648,679.13
24658,679.13
24668,679.13
24678,679.13
24691,679.13
24701,679.13
24711,679.13
24722,679.13
24732,679.13
24742,688.68
24752,688.68
24762,688.68
24773,688.68
24783,688.68
24793,688.68
24803,688.68
24814,688.68
24824,688.68
24834,688.68
24844,688.68
24854,688.68
24864,688.68
24874,688.68
24885,688.68
24895,698.22
24905,698.22
24915,698.22
24925,698.22
24935,698.22
24945,698.22
24955,698.22
24965,698.22
24975,698.22
24985,698.22
24995,698.22
25005,698.22
25015,698.22
25025,707.77
25035,707.77
25045,707.77
25055,707.77
25065,707.77
25075,707.77
25086,707.77
25092,707.77,task,end,0,4,162,0,0
25096,712.17
25106,712.17
25116,721.72
25126,721.72
25136,721.72
25146,721.72
25156,721.72
25166,721.72
25176,721.72
25186,721.72
25196,721.72
25206,731.26
25216,731.26
25226,731.26
25236,731.26
25247,731.27
25257,731.27
25267,731.27
25277,731.27
25287,731.27
25297,740.81
25307,740.81
25317,740.81
25328,740.81
25338,740.81
25348,740.81
25358,740.81
25368,740.81
25378,750.36
25388,750.36
25398,750.36
25409,750.36
25419,750.36
25429,750.36
25439,750.36
25449,750.36
25459,750.36
25469,759.9
25479,759.9
25490,759.9
25500,759.9
25510,759.9
25520,759.9
25530,759.9
25540,759.9
25550,759.9
25561,759.9
25571,759.9
25581,759.9
25591,759.9
25601,759.9
25611,759.9
25621,759.9
25631,759.9
25641,759.9
25651,759.9
25661,759.9
25671,759.9
25681,759.9
25691,759.9
25701,759.9
25711,759.9
25721,759.9
25731,759.9
25741,759.9
25751,759.9
25761,759.9
25771,759.9
25781,769.45
25791,769.45
25801,769.45
25812,769.45
25822,769.45
25832,769.45
25842,769.45
25852,769.45
25862,769.45
25872,778.99
25882,778.99
25892,778.99
25902,778.99
25912,778.99
25922,778.99
25932,779.0
25942,779.0
25952,779.0
25963,788.54
25973,788.54
25983,788.54
25993,788.54
26003,788.54
26013,788.54
26023,788.54
26033,788.54
26043,798.08
26053,798.09
26063,798.09
26073,798.09
26083,798.09
26093,798.09
26104,798.09
26114,798.09
26124,798.09
26134,807.63
26144,807.63
26154,807.63
26164,807.63
26174,807.63
26184,807.63
26194,807.63
26204,807.63
26214,807.63
26224,817.84
26234,817.84
26245,817.84
26254,817.84
26264,817.84
26274,817.84
26284,817.84
26294,817.84
26304,817.84
26315,817.84
26325,817.84
26335,827.38
26345,827.38
26355,827.38
26365,827.38
26375,827.38
26385,827.38
26396,827.38
26406,827.38
26416,836.93
26426,836.93
26436,836.93
26446,836.93
26456,836.93
26466,836.93
26477,836.93
26487,836.93
26497,836.93
26507,836.93
26517,836.93
26527,847.13
26538,851.54
26548,851.54
26558,851.54
26568,851.54
26578,851.54
26588,851.54
26598,851.54
26608,851.54
26618,851.54
26628,851.54
26638,851.54
26648,851.54
26658,851.54
26668,851.54
26678,851.54
26688,851.54
26698,851.54
26708,851.54
26718,851.54
26728,851.54
26738,851.54
26749,851.54
26758,851.54,task,end,1,4,162,0,0
26760,851.54
26771,851.54
26781,851.54
26791,851.54
26801,851.54
26811,851.54
26821,851.54
26831,851.54
26841,851.54
26851,851.54
26861,851.54
26871,851.54
26881,851.54
26891,851.54
26902,851.54
26911,861.75,task,start,4,4,162,0,0
26913,861.75
26913,861.75,task,start,7,4,162,0,0
26923,861.75
26933,861.75
26939,868.45,persist,memory,7389
26943,868.45
26947,868.45,persist,memory,22320
26953,868.45
26963,868.45
26974,868.45
26984,868.45
26994,868.45
27004,868.45
27014,868.45
27024,868.45
27034,868.45
27045,868.45
27055,868.45
27065,868.45
27075,878.44
27085,878.44
27095,878.44
27105,878.44
27115,878.44
27125,878.45
27135,896.67
27164,903.37
27174,905.6
27184,905.6
27194,905.6
27204,905.6
27214,905.6
27224,905.6
27234,905.6
27244,905.6
27254,905.6
27264,905.6
27274,905.6
27284,912.3
27294,928.3
27305,928.3
27315,928.3
27325,928.3
27335,928.3
27345,928.3
27356,928.3
27366,928.3
27376,928.3
27386,928.3
27396,928.3
27406,928.3
27416,928.3
27426,928.3
27436,928.3
27446,928.3
27456,928.3
27466,928.3
27476,928.3
27486,928.3
27496,928.3
27508,928.3
27519,928.3
27529,928.3
27539,928.3
27549,928.3
27559,928.3
27569,928.3
27579,928.3
27590,928.31
27600,928.31
27610,928.31
27620,928.31
27630,944.31
27640,944.31
27650,944.31
27660,944.31
27670,944.31
27680,944.31
27691,944.31
27703,944.31
27713,944.31
27723,944.31
27734,944.31
27744,944.31
27754,953.85
27764,953.85
27774,953.85
27785,953.85
27794,953.85
27804,953.85
27814,953.85
27824,953.85
27834,953.85
27844,953.85
27855,953.85
27865,953.85
27875,953.85
27885,953.85
27895,953.85
27905,953.85
27915,953.85
27926,953.85
27936,953.85
27946,953.85
27956,953.85
27966,953.85
27976,953.85
27986,953.85
27997,953.85
28007,953.85
28017,953.85
28027,953.85
28037,953.85
28047,953.85
28057,953.85
28068,953.85
28078,953.85
28088,953.85
28098,953.85
28108,953.85
28118,953.85
28128,953.85
28139,953.85
28149,953.85
28159,953.85
28169,953.85
28179,953.85
28189,953.85
28199,953.85
28210,953.85
28220,953.85
28230,953.85
28240,953.85
28250,953.85
28260,953.85
28270,953.85
28281,953.85
28291,963.85
28301,963.85
28311,963.85
28321,963.85
28331,963.85
28341,963.85
28352,963.85
28362,963.85
28372,963.85
28382,963.85
28392,963.85
28403,963.85
28413,963.85
28423,963.85
28433,963.85
28443,963.85
28453,963.85
28464,963.85
28474,963.85
28484,973.39
28494,973.39
28504,973.39
28514,973.39
28525,973.39
28534,973.39
28544,973.39
28554,973.39
28564,973.39
28574,973.39
28584,973.39
28595,973.39
28605,973.39
28615,973.39
28625,973.39
28635,973.39
28645,973.39
28656,973.39
28665,973.39
28675,973.39
28685,973.39
28695,973.39
28706,983.38
28717,983.38
28727,983.38
28737,992.93
28747,992.93
28757,992.93
28767,992.93
28777,992.93
28788,992.93
28798,1002.92
28808,1012.47
28818,1012.47
28828,1012.47
28838,1012.47
28848,1012.47
28859,1012.47
28868,1012.47
28879,1022.01
28889,1022.01
28899,1022.01
28909,1022.01
29006,86.71
29016,108.5
29026,108.5
29036,108.5
29046,108.5
29056,108.5
29066,108.5
29076,117.66
29086,127.4
29096,127.4
29106,130.29
29116,130.29
29126,130.29
29137,130.29
29147,130.3
29157,130.3
29167,130.3
29177,130.3
29187,130.3
29197,130.3
29208,130.3
29218,130.3
29228,130.3
29238,130.3
29248,130.3
29258,139.45
29268,139.45
29279,149.19
29289,149.19
29299,149.19
29309,149.19
29319,149.19
29329,149.19
29343,158.34
29353,158.34
29363,168.09
29373,168.09
29383,168.09
29393,168.09
29403,168.09
29413,168.09
29423,168.09
29433,168.09
29443,168.09
29453,169.09
29464,187.99
29473,187.99
29483,187.99
29493,187.99
29503,187.99
29513,197.14
29523,206.88
29533,206.88
29544,206.88
29554,206.88
29564,216.03
29574,216.03
29584,225.78
29594,225.78
29604,225.78
29615,225.78
29625,234.93
29635,234.93
29645,234.93
29655,234.93
29665,244.68
29675,253.83
29686,253.83
29695,253.83
29705,253.83
29715,272.72
29725,272.72
29735,272.72
29745,272.72
29755,272.72
29765,291.62
29775,291.62
29785,291.62
29795,300.77
29805,310.52
29815,310.52
29825,310.52
29835,310.52
29845,319.67
29855,329.41
29865,329.41
29875,329.41
29885,338.56
29895,338.56
29906,348.31
29916,348.31
29926,348.31
29936,357.46
29946,367.21
29956,367.21
29966,367.21
29976,376.36
29986,376.36
29996,386.1
30006,386.1
30016,386.1
30026,395.25
30036,395.25
30046,405.0
30056,405.0
30066,414.15
30076,414.15
30086,414.15
30096,423.89
30106,423.89
30116,433.05
30127,433.05
30137,433.05
30147,442.79
30157,451.94
30167,451.94
30177,451.94
30187,451.94
30198,470.84
30208,470.84
30218,470.84
30228,470.84
30238,479.99
30248,489.74
30258,489.74
30268,489.74
30278,489.74
30288,498.89
30298,508.63
30308,517.78
30318,517.78
30328,527.53
30338,527.53
30348,527.53
30358,536.68
30368,536.68
30378,536.68
30388,536.68
30398,536.68
30408,536.68
30418,536.68
30428,536.68
30438,536.68
30448,536.68
30458,546.43
30468,546.43
30478,546.43
30488,546.43
30498,546.43
30508,546.43
30518,546.43
30528,546.43
30538,546.43
30549,546.43
30559,546.43
30569,555.58
30579,555.58
30589,555.58
30599,565.33
30609,565.33
30619,565.33
30629,574.48
30639,574.48
30649,584.22
30659,584.22
30669,593.37
30679,593.37
30689,603.12
30699,603.12
30709,603.12
30719,612.27
30729,612.27
30739,622.01
30749,622.01
30759,631.17
30770,631.17
30780,640.91
30790,640.91
30800,650.06
30810,650.06
30820,650.06
30830,659.81
30840,668.96
30850,668.96
30860,668.96
30870,678.7
30880,678.7
30890,687.85
30900,687.85
30910,687.85
30920,697.6
30930,706.75
30940,706.75
30950,706.75
30960,716.5
30970,725.65
30980,725.65
30991,725.65
31001,735.39
31011,744.54
31021,744.54
31031,744.54
31041,744.54
31051,754.29
31062,763.44
31072,763.44
31082,763.44
31092,773.18
31102,782.34
31112,782.34
31122,782.34
31132,792.08
31142,792.08
31152,801.23
31162,801.23
31172,801.23
31182,810.98
31192,820.13
31202,820.13
31212,820.13
31222,829.87
31232,839.03
31242,839.03
31252,839.03
31262,839.03
31272,857.92
31283,857.92
31293,857.92
31303,857.92
31313,867.67
31323,876.82
31333,876.82
31343,876.82
31353,876.82
31363,895.71
31373,895.71
31383,895.71
31393,895.71
31403,914.61
31413,914.61
31424,914.61
31434,914.61
31444,924.36
31454,933.51
31464,933.51
31474,933.51
31484,933.51
31495,952.4
31505,960.4
31515,968.4
31525,968.4
31535,968.4
31545,987.3
31555,987.3
31566,987.3
31576,987.3
31586,1006.2
31596,1006.2
31606,1006.2
31616,1006.2
31626,1015.94
31636,1025.09
31646,1025.09
31656,1025.09
31666,1025.09
31676,1043.99
31686,1043.99
31696,1043.99
31706,1043.99
31716,1062.89
31726,1062.89
31736,1062.89
31746,1062.89
31756,1081.78
31766,1081.78
31776,1081.78
31787,1081.78
31797,1081.78
32250,221.84
32260,241.02
32270,242.92
32280,242.92
32290,242.92
32300,264.0
32311,264.0
32321,264.0
32331,264.0
32341,283.18
32351,283.18
32361,283.18
32371,283.18
32381,292.53
32391,302.35
32401,302.35
32411,302.35
32421,311.7
32431,321.53
32441,321.53
32451,321.53
32462,330.88
32472,330.88
32482,340.7
32492,340.7
32502,350.06
32512,350.06
32522,359.88
32532,359.88
32542,359.88
32552,369.23
32562,369.23
32572,379.06
32582,379.06
32592,388.41
32602,388.41
32613,398.23
32623,398.23
32633,407.58
32643,407.58
32653,407.58
32663,417.41
32673,426.76
32683,426.76
32693,426.76
32703,436.58
32713,445.94
32723,445.94
32733,445.94
32743,455.76
32753,465.11
32763,465.11
32773,465.11
32783,465.11
32793,484.29
32803,484.29
32813,484.29
32823,484.29
32833,494.11
32843,503.46
32853,503.46
32863,503.46
32873,503.46
32883,522.64
32893,522.64
32903,522.64
32913,522.64
32923,541.82
32933,541.82
32943,541.82
32953,541.82
32963,551.17
32973,560.99
32983,560.99
32993,560.99
33003,570.34
33013,580.17
33023,580.17
33033,580.17
33043,589.52
33053,589.52
33063,599.34
33073,599.34
33083,608.7
33093,608.7
33103,618.52
33113,618.52
33123,618.52
33133,627.87
33143,627.87
33153,637.69
33163,637.69
33173,647.05
33183,647.05
33193,656.87
33203,656.87
33213,666.22
33223,666.22
33233,676.05
33243,676.05
33253,685.4
33263,685.4
33273,685.4
33283,695.22
33293,704.57
33303,704.57
33313,704.58
33324,714.4
33333,714.4
33343,723.75
33353,723.75
33363,723.75
33373,733.57
33383,742.93
33393,742.93
33404,742.93
33414,752.75
33424,762.1
33434,762.1
33444,762.1
33454,762.1
33464,781.28
33474,781.28
33485,781.28
33495,781.28
33505,800.45
33515,800.45
33525,800.45
33535,800.45
33545,800.45
33555,819.63
33565,819.63
33575,819.63
33585,819.63
33595,838.81
33605,838.81
33615,838.81
33625,838.81
33636,848.16
33646,857.98
33656,857.98
33666,857.98
33676,867.33
33686,877.16
33696,877.16
33706,877.16
33717,886.51
33727,896.33
33737,896.33
33747,896.33
33757,905.69
33767,905.69
33777,915.51
33787,915.51
33797,924.86
33807,924.86
33817,934.69
33827,934.69
33837,934.69
33847,944.04
33857,953.86
33868,953.86
33878,953.86
33888,963.21
33898,963.21
33908,973.04
33918,1005.04
33928,1014.39
33938,1014.39
33948,1014.39
33958,1024.21
33968,1024.21
33978,1033.57
33988,1033.57
33998,1043.39
34008,1043.39
34018,1052.74
34028,1052.74
34038,1052.74
34048,1062.56
34059,1071.92
34068,1071.92
34078,1071.92
34088,1081.74
34098,1091.09
34108,1091.09
34118,1091.09
34128,1091.09
34139,1100.92
34149,1110.27
34159,1110.27
34169,1118.75
34170,1118.75,persist,memory,133332112
34177,1130.12,persist,memory,133332096
34183,1130.12
34193,1130.12
34204,1130.12
34215,1132.35
34225,1132.35
34235,1134.57
34245,1134.57
34255,1134.57
34265,1134.57
34275,1134.57
34286,1134.57
34295,1134.57
34305,1134.57
34315,1134.57
34325,1134.57
34337,1154.6
34348,1154.6
34358,1154.6
34368,1154.6
34378,1154.6
34388,1154.6
34398,1154.6
34411,1159.06
34422,1159.06
34432,1159.06
34445,1159.06
34455,1159.06
34465,1159.06
34475,1159.06
34485,1171.1
34495,1171.11
34506,1182.68
34516,1182.68
34526,1182.68
34536,1182.68
34547,1182.68
34557,1182.68
34567,1182.68
34577,1182.68
34587,1182.68
34597,1182.68
34607,1192.51
34618,1201.86
34628,1201.86
34638,1201.86
34648,1201.86
34658,1211.21
34668,1221.04
34679,1221.04
34689,1221.04
34699,1221.04
35108,357.07
35118,389.59
35128,391.97
35138,391.97
35148,391.97
35158,401.52
35169,410.87
35179,410.87
35189,410.87
35199,420.42
35209,420.42
35219,429.77
35229,429.77
35239,439.32
35249,439.32
35259,439.32
35269,449.93
35279,459.47
35289,459.47
35299,459.47
35309,459.47
35320,478.37
35330,478.37
35340,478.37
35350,478.37
35360,478.37
35370,478.38
35380,487.92
35391,487.92
35401,487.92
35411,506.82
35421,506.82
35431,506.82
35441,506.82
35452,516.37
35462,516.37
35472,525.72
35482,525.72
35492,525.72
35502,535.27
35512,535.27
35522,535.27
35532,544.62
35542,554.17
35552,554.17
35562,554.17
35573,554.17
35583,563.72
35593,573.07
35603,573.07
35613,573.07
35623,582.62
35633,582.62
35643,582.62
35653,591.97
35663,601.52
35673,601.52
35683,601.52
35693,601.52
35704,611.07
35714,620.42
35724,620.42
35734,629.97
35745,629.97
35754,629.97
35764,629.97
35774,639.39
35784,648.93
35794,648.93
35804,648.93
35815,648.93
35825,667.9
35835,667.9
35845,667.9
35855,667.9
35865,677.44
35875,686.86
35886,686.86
35896,686.86
35906,696.41
35916,696.41
35926,705.82
35936,705.82
35947,715.37
35956,715.37
35966,724.79
35976,724.79
35986,734.33
35997,734.33
36007,734.33
36017,743.75
36027,753.3
36037,753.3
36047,753.3
36057,753.3
36067,772.26
36077,772.26
36087,772.26
36097,772.26
36107,791.22
36117,791.22
36127,791.22
36137,791.22
36148,791.22
36158,800.64
36168,810.19
36178,810.19
36189,819.6
36199,819.6
36209,819.6
36219,819.6
36229,838.56
36239,838.56
36249,838.56
36260,838.57
36270,847.98
36280,847.98
36290,847.98
36300,857.53
36310,866.94
36321,866.94
36331,866.94
36341,866.94
36351,885.91
36361,885.91
36371,885.91
36382,885.91
36392,885.91
36402,895.32
36412,904.87
36422,904.87
36432,904.87
36442,914.29
36452,914.29
36462,914.29
36472,923.9
36482,933.31
36492,933.31
36502,933.31
36512,933.31
36523,949.44
36534,958.99
36544,960.89
36554,960.89
36564,960.89
36575,970.3
36585,970.3
36595,979.85
36605,979.85
36615,989.27
36625,989.27
36635,989.27
36646,989.27
36656,998.68
36666,1008.23
36676,1008.23
36686,1008.23
36697,1017.65
36707,1017.65
36717,1027.19
36727,1027.19
36737,1027.19
36747,1027.19
36757,1027.19
36768,1036.61
36777,1036.61
36787,1036.61
36797,1036.61
36807,1046.03
36817,1055.57
36827,1055.57
36837,1055.57
36848,1064.99
36858,1064.99
36868,1074.54
36878,1074.54
36888,1083.95
36898,1083.95
36909,1083.95
36919,1083.95
36929,1102.91
36939,1102.91
36949,1104.05
36959,1104.05
36969,1104.05
36969,1104.05,task,end,4,7,1104,0,0
36980,1114.27,task,start,10,7,1104,0,0
36980,1114.27
36990,1114.27
36997,1114.27,task,end,7,7,1104,0,0
37000,1114.27
37006,1114.27,task,start,11,7,1104,0,0
37010,1114.27
37020,1114.27
37030,1114.27
37040,1114.27
37050,1123.62
37060,1123.62
37070,1123.62
37080,1124.76
37090,1124.76
37100,1124.76
37110,1124.76
37120,1124.76
37130,1124.76
37140,1124.76
37150,1124.76
37161,1124.76
37171,1124.76
37181,1124.76
37191,1124.76
37202,1124.76
37212,1124.76
37222,1124.76
37232,1124.76
37242,1124.76
37252,1124.76
37262,1124.76
37273,1124.76
37283,1124.76
37293,1124.76
37304,1124.76
37314,1124.76
37325,1124.76
37335,1124.76
37345,1124.76
37355,1124.76
37365,1124.76
37375,1124.76
37385,1124.76
37395,1124.76
37405,1124.76
37415,1124.76
37425,1124.76
37435,1124.76
37445,1124.76
37455,1124.76
37466,1124.76
37476,1124.76
37486,1134.31
37496,1134.31
37506,1134.31
37516,1134.31
37526,1134.31
37537,1134.31
37547,1134.31
37557,1134.31
37567,1134.31
37577,1134.31
37587,1134.31
37597,1134.31
37607,1143.66
37617,1143.66
37627,1143.66
37637,1143.66
37648,1143.66
37658,1143.66
37668,1143.66
37678,1143.66
37688,1143.66
37698,1143.66
37708,1143.66
37718,1143.66
37728,1143.66
37738,1143.66
37749,1154.34
37759,1154.34
37769,1154.34
37779,1163.7
37789,1163.7
37799,1163.7
37809,1163.7
37820,1163.7
37830,1163.7
37840,1163.7
37850,1163.7
37860,1163.7
37870,1163.7
37880,1163.7
37891,1163.7
37901,1163.7
37911,1163.7
37921,1163.7
37931,1182.6
37941,1182.6
37951,1182.6
37962,1182.6
37972,1182.6
37982,1201.5
37992,1201.5
38002,1201.5
38012,1201.5
38022,1201.5
38032,1201.5
38043,1210.85
38053,1220.4
38063,1220.4
38073,1220.4
38083,1229.75
38093,1229.75
38103,1229.75
38113,1229.75
38123,1239.3
38133,1239.3
38143,1248.65
38153,1248.65
38163,1248.65
38173,1258.2
38183,1267.55
38194,1267.55
38204,1267.55
38214,1267.55
38224,1276.91
38234,1276.91
38244,1276.91
38254,1286.46
38264,1286.46
38274,1295.81
38284,1295.81
38294,1295.81
38304,1305.36
38314,1312.07
38324,1321.42
38334,1321.42
38345,1321.42
38355,1330.97
38365,1340.32
38375,1340.32
38385,1340.32
38395,1349.87
38405,1357.74
38711,381.32
38721,404.06
38731,404.06
38741,404.06
38751,404.06
38761,419.85
38772,419.85
38781,419.85
38791,419.85
38801,419.85
38811,437.63
38821,437.63
38831,437.63
38841,437.63
38852,445.52
38862,453.41
38872,453.41
38882,453.41
38892,461.3
38902,461.3
38912,469.2
38923,477.09
38933,477.09
38943,477.09
38953,484.98
38963,484.98
38973,492.87
38983,492.87
38994,492.87
39004,500.76
39014,508.65
39024,508.65
39034,508.65
39044,508.65
39054,524.44
39064,524.44
39074,524.44
39084,524.44
39094,540.22
39104,540.22
39114,540.22
39124,540.22
39134,548.11
39144,556.0
39154,556.01
39164,556.01
39174,563.9
39185,563.9
39195,571.79
39205,571.79
39215,579.68
39225,579.68
39235,579.68
39245,587.57
39255,595.46
39265,595.46
39275,595.46
39285,595.46
39295,611.25
39305,611.25
39315,611.25
39325,611.25
39336,619.14
39346,627.03
39356,627.03
39366,634.92
39376,634.92
39386,634.92
39396,642.81
39406,650.7
39417,650.7
39427,650.7
39437,650.7
39447,666.49
39457,666.49
39467,666.49
39477,666.49
39487,670.49
39497,678.38
39507,686.27
39517,686.27
39527,694.16
39537,702.05
39547,702.05
39557,702.05
39567,709.95
39577,717.84
39587,717.84
39597,717.84
39607,725.73
39618,733.62
39628,733.62
39638,733.62
39648,741.51
39658,741.51
39668,741.51
39678,757.3
39689,757.3
39698,757.3
39708,757.3
39718,765.19
39728,773.08
39738,773.08
39748,773.08
39758,780.97
39769,788.86
39779,788.86
39789,788.86
39799,796.76
39809,796.76
39819,804.65
39829,804.65
39840,812.54
39850,812.54
39860,820.43
39870,820.43
39880,828.33
39890,828.33
39901,828.33
39911,836.22
39922,844.11
39932,844.11
39942,844.11
39952,844.11
39963,852.0
39973,859.89
39984,859.89
39994,867.79
40004,867.79
40014,867.79
40024,867.79
40034,883.57
40044,883.57
40054,883.57
40064,883.57
40074,891.46
40084,899.35
40094,899.35
40104,899.35
40114,907.25
40125,907.25
40135,915.14
40145,923.03
40155,923.03
40165,923.03
40175,923.03
40185,938.81
40196,938.81
40206,938.81
40216,938.81
40226,946.71
40236,946.71
40246,954.6
40256,962.49
40266,962.49
40276,962.49
40286,962.49
40296,962.49
40306,970.38
40316,978.27
40327,978.27
40337,986.17
40347,986.17
40357,986.17
40367,986.17
40377,994.06
40387,1001.95
40398,1001.95
40408,1001.95
40418,1001.95
40428,1017.73
40438,1017.73
40448,1017.73
40459,1025.63
40469,1025.63
40479,1033.52
40489,1033.52
40500,1041.41
40510,1041.41
40520,1041.41
40531,1041.41
40541,1057.19
40551,1057.19
40561,1057.19
40571,1065.09
40582,1065.09
40592,1072.98
40602,1072.98
40612,1072.98
40622,1080.87
40632,1088.76
40643,1096.76
40652,1096.76
40662,1096.76
40672,1112.54
40682,1112.54
40692,1112.54
40703,1112.54
40713,1120.43
40723,1128.33
40733,1128.33
40743,1128.33
40754,1136.22
40764,1136.22
40774,1144.11
40785,1144.11
40794,1152.0
40804,1152.0
40814,1152.0
40824,1159.89
40834,1167.78
40844,1167.78
40854,1167.79
40865,1175.68
40875,1183.57
40885,1191.57
40895,1191.57
40905,1199.46
40915,1207.35
40925,1207.35
40935,1207.35
40945,1207.35
41308,500.98
41318,512.54
41328,512.99
41338,512.99
41348,520.99
41358,528.89
41368,528.89
41378,528.89
41388,536.89
41398,544.78
41408,545.23
41418,553.23
41428,553.23
41438,561.12
41448,561.12
41458,569.13
41468,577.02
41478,577.02
41488,577.02
41498,585.02
41509,592.91
41518,592.91
41528,592.91
41538,600.91
41548,608.8
41558,608.8
41568,616.81
41578,616.81
41589,624.7
41599,624.7
41609,632.7
41619,632.7
41629,640.59
41639,640.59
41649,648.6
41660,648.6
41670,656.49
41680,664.49
41690,664.49
41700,672.38
41710,672.38
41720,680.38
41730,680.38
41741,688.27
41751,688.27
41761,696.28
41771,696.28
41781,704.17
41791,712.17
41801,712.17
41811,712.17
41821,720.06
41831,728.07
41841,728.07
41851,728.07
41861,735.96
41871,743.96
41881,743.96
41891,743.96
41901,751.85
41911,759.85
41921,759.85
41931,759.85
41941,775.75
41951,775.75
41961,775.75
41971,783.64
41981,791.64
41991,791.64
42001,791.64
42011,799.53
42021,807.54
42031,807.54
42041,807.54
42051,823.43
42061,823.43
42071,823.43
42081,823.43
42091,839.32
42101,839.32
42111,839.32
42121,839.32
42131,855.22
42141,855.22
42151,855.22
42161,855.22
42171,871.11
42181,871.11
42191,871.11
42201,887.0
42211,887.01
42221,887.01
42231,887.01
42241,902.9
42251,902.9
42261,902.9
42271,902.9
42281,918.79
42291,918.79
42301,918.79
42311,926.8
42321,934.69
42331,934.69
42341,934.69
42351,942.69
42361,950.58
42372,950.58
42381,950.58
42391,958.58
42401,966.47
42411,966.47
42421,974.48
42431,982.37
42441,982.37
42452,982.37
42462,990.37
42472,998.26
42482,998.26
42492,998.26
42502,1006.27
42512,1014.16
42522,1014.16
42533,1014.16
42543,1022.16
42553,1030.05
42563,1030.05
42573,1038.05
42583,1038.05
42593,1045.94
42603,1045.94
42614,1053.95
42624,1061.84
42634,1061.84
42644,1061.84
42654,1069.84
42664,1077.73
42674,1077.73
42684,1085.74
42695,1085.74
42705,1093.63
42715,1093.63
42725,1101.63
42735,1101.63
42745,1109.52
42755,1109.52
42765,1117.52
42776,1117.52
42786,1125.41
42796,1133.42
42806,1133.42
42816,1133.42
42826,1141.31
42836,1149.31
42846,1149.31
42857,1157.2
42867,1157.2
42877,1165.21
42887,1165.21
42897,1173.1
42907,1173.1
42917,1181.1
42928,1181.1
42938,1188.99
42948,1196.99
42958,1196.99
42968,1196.99
42978,1204.88
42988,1212.89
42998,1212.89
43008,1212.89
43018,1220.78
43028,1228.78
43038,1228.78
43048,1236.67
43058,1244.68
43068,1244.68
43078,1244.68
43088,1252.57
43099,1260.57
43109,1260.57
43119,1260.57
43129,1268.46
43139,1276.46
43149,1292.46
43159,1292.46
43169,1300.35
43179,1300.35
43189,1300.35
43199,1308.36
43209,1316.25
43219,1316.25
43229,1316.25
43239,1316.25
43250,1326.18
43850,601.97
43860,618.11
43870,618.11
43880,618.36
43890,632.17
43900,632.17
43910,632.17
43920,639.15
43930,645.98
43940,645.98
43950,645.98
43960,652.95
43971,659.78
43981,659.78
43991,666.76
44001,666.76
44012,673.59
44022,680.57
44032,680.57
44042,680.57
44052,687.4
44063,702.85,persist,memory,133332112
44063,702.85
44073,704.28
44083,720.28
44095,720.28
44105,727.11
44118,727.11
44128,728.9
44138,728.9
44148,735.73
44158,737.53
44168,744.5
44180,751.33
44190,751.33
44200,758.31
44210,765.14
44220,765.14
44231,765.14
44241,772.12
44251,778.95
44262,778.95
44272,785.92
44282,792.75
44292,792.75
44302,799.73
44312,806.56
44323,806.56
44333,813.54
44343,820.37
44354,820.37
44364,820.37
44373,835.82,persist,memory,133332104
44374,835.82
44384,835.82
44394,842.65
44404,851.42
44417,851.42
44427,853.21
44437,860.19
44448,867.02
44458,867.02
44468,873.85
44478,880.82
44488,880.82
44498,880.82
44508,887.65
44518,894.63
44528,894.63
44539,901.46
44549,908.44
44559,908.44
44569,915.27
44579,922.24
44589,922.24
44599,929.22
44610,929.22
44620,929.22
44630,929.22
44640,936.05
44650,936.05
44660,936.05
44670,943.03
44680,943.03
44691,943.03
44701,949.86
44711,949.86
44721,949.86
44731,956.69
44741,956.69
44751,963.52
44761,963.52
44771,970.35
44781,970.35
44791,977.32
44801,977.32
44811,977.32
44821,991.13
44831,991.13
44841,991.13
44851,998.11
44861,1004.94
44871,1004.94
44881,1011.91
44892,1018.74
44902,1018.74
44912,1025.72
44922,1032.55
44932,1032.55
44942,1032.55
44952,1039.53
44963,1039.53
44973,1046.36
44983,1053.33
44993,1053.33
45003,1053.33
45013,1067.14
45023,1067.14
45034,1074.12
45044,1074.12
45054,1080.95
45064,1087.92
45074,1087.92
45084,1094.75
45094,1101.73
45104,1101.73
45114,1101.73
45124,1115.54
45134,1115.54
45144,1115.54
45155,1122.51
45165,1129.41
45175,1129.41
45185,1136.38
45195,1136.38
45205,1143.21
45215,1150.19
45225,1150.19
45235,1157.02
45245,1164.0
45255,1164.0
45265,1164.0
45276,1177.8
45286,1177.8
45296,1177.8
45306,1184.63
45316,1191.61
45326,1191.61
45337,1205.42
45347,1205.42
45357,1205.42
45367,1219.22
45377,1219.22
45387,1219.22
45397,1219.22
45407,1233.03
45417,1233.03
45427,1240.01
45437,1246.84
45448,1246.84
45458,1253.81
45468,1260.64
45478,1260.64
45488,1267.62
45498,1274.45
45508,1274.45
45519,1281.43
45529,1288.26
45539,1288.26
45549,1295.23
45559,1295.23
45569,1302.06
45579,1309.04
45589,1309.04
45599,1315.87
46220,645.18
46230,663.0
46241,663.0
46251,663.16
46261,676.87
46271,676.87
46281,683.61
46291,683.61
46301,690.59
46312,690.59
46322,697.32
46332,704.3
46342,704.3
46352,711.03
46362,711.2
46372,718.17
46383,724.91
46393,724.91
46403,731.64
46413,738.62
46423,738.62
46433,738.62
46443,752.33
46454,752.33
46464,752.33
46474,766.04
46484,766.04
46494,766.04
46505,779.75
46515,779.75
46525,782.91
46535,783.5
46545,797.21
46555,797.21
46566,797.21
46576,810.92
46586,810.92
46596,810.92
46607,817.65
46617,824.63
46627,824.63
46640,831.36
46650,838.34
46660,838.34
46670,845.43
46680,845.43
46690,852.16
46701,852.16
46711,858.9
46721,858.9
46731,858.9
46736,858.9,task,end,11,11,2970,0,0
46741,865.63
46751,865.63
46761,865.63
46771,872.37
46781,872.37
46791,879.1
46801,879.1
46811,885.84
46821,885.84
46831,892.57
46841,892.57
46851,892.57
46861,899.3
46871,899.31
46881,906.04
46891,906.04
46902,906.04
46907,906.04,task,end,10,11,2970,0,0
46912,906.04
46922,906.04
46932,906.04
46942,906.04
46952,906.04
46962,906.04
46973,906.04
46983,906.04
46993,906.04
47003,906.04
47013,906.04
47023,906.04
47033,906.04
47044,906.04
47054,906.04
47064,906.04
47074,906.04
47084,906.04
47094,906.04
47105,906.04
47114,906.04
47124,906.04
47134,906.04
47144,906.04
47154,906.04
47164,906.04
47175,906.04
47185,906.04
47195,906.04
47205,906.04
47215,906.04
47225,906.04
47235,906.04
47246,906.04
47256,906.04
47266,906.04
47276,906.04
47286,906.04
47296,906.04
47306,906.04
47316,906.04
47326,906.04
47336,906.04
47346,906.04
47356,906.04
47366,906.04
47377,906.04
47387,906.04
47397,906.04
47407,906.04
47417,906.04
47427,906.04
47438,906.04
47447,906.04
47457,906.04
47467,906.04
47477,906.05
47487,906.05
47497,906.05
47507,906.05
47518,906.05
47528,906.05
47538,906.05
47548,906.05
47558,906.05
47568,906.05
47578,906.05
47589,906.05
47599,906.05
47609,906.05
47619,906.05
47629,906.05
47639,906.05
47649,906.05
47660,906.05
47670,906.05
47680,906.05
47690,906.05
47700,906.05
47710,906.05
47720,906.05
47731,906.05
47741,906.05
47751,906.05
47761,906.05
47771,906.05
47781,906.05
47791,906.05
47802,906.05
47812,906.05
47822,906.05
47832,906.05
47842,906.05
47852,906.05
47862,906.05
47873,906.05
47883,906.05
47893,906.05
47903,906.05
47913,906.05
47923,906.05
47933,906.05
47943,906.05
47953,906.05
47963,906.05
47973,906.05
47983,906.05
47993,906.05
48004,906.05
48014,906.05
48024,906.05
48034,906.05
48044,906.05
48054,906.05
48064,906.05
48074,906.05
48084,906.05
48094,906.05
48104,906.05
48114,906.05
48124,906.05
48134,906.05
48145,906.05
48155,906.05
48165,906.05
48175,906.05
48185,906.05
48195,906.05
48205,906.05
48216,906.05
48226,906.05
48236,906.05
48246,906.05
48256,906.05
48266,906.05
48276,906.05
48287,906.05
48297,906.05
48307,906.05
48317,906.05
48327,906.05
48337,906.05
48347,906.05
48358,906.05
48368,906.05
48378,906.05
48388,906.05
48398,906.05
48408,906.05
48418,906.05
48429,906.05
48439,906.05
48449,906.05
48459,906.05
48469,906.05
48479,906.05
48489,906.05
48500,906.05
48510,906.05
48520,906.05
48530,906.05
48540,906.05
48550,906.05
48560,906.05
48570,906.05
48580,906.05
48590,906.05
48600,906.05
48610,906.05
48620,906.05
48630,906.05
48640,906.06
48650,906.06
48660,906.06
48670,906.06
48680,906.06
48690,906.06
48700,906.06
48710,906.06
48720,906.06
48730,906.06
48740,906.06
48750,906.06
48760,906.06
48770,906.06
48780,906.17
48790,906.17
48800,906.17
48810,906.17
48820,906.17
48830,906.17
48840,906.17
48850,906.17
48860,906.17
48870,906.17
48880,906.17
48890,906.17
48900,906.17
48910,906.17
48921,906.17
48931,906.17
48941,906.17
48951,906.17
48961,906.17
48971,906.17
48981,906.17
48992,906.17
49002,906.17
49012,906.17
49022,906.17
49032,906.17
49042,906.17
49052,906.17
49062,906.17
49072,906.17
49082,906.17
49092,906.17
49102,906.17
49112,906.17
49122,906.17
49132,906.17
49143,906.17
49153,906.17
49163,906.17
49173,906.17
49183,906.17
49193,906.17
49203,906.17
49214,906.17
49224,906.17
49234,906.17
49244,906.17
49254,906.17
49264,906.17
49274,906.17
49284,906.17
49294,906.17
49304,906.17
49314,906.17
49324,906.17
49334,906.17
49345,906.17
49355,906.17
49365,906.17
49375,906.17
49385,906.17
49395,906.17
49406,906.17
49416,906.17
49426,906.17
49436,906.17
49446,906.17
49456,906.17
49466,906.17
49477,906.17
49487,906.17
49497,906.17
49507,906.17
49517,906.17
49527,906.17
49537,906.17
49547,906.17
49557,906.17
49567,906.17
49577,906.17
49587,906.17
49597,906.17
49607,906.17
49617,906.17
49627,906.17
49637,906.17
49647,906.17
49657,906.17
49667,906.17
49678,906.17
49688,906.17
49698,906.17
49708,906.17
49718,906.17
49728,906.17
49738,906.17
49748,906.17
49758,906.17
49768,906.17
49778,906.17
49788,906.17
49798,906.17
49808,906.17
49818,906.17
49828,906.17
49838,906.18
49848,906.18
49858,906.18
49868,906.18
49879,906.18
49889,906.18
49899,906.18
49909,906.18
49919,906.18
49929,906.18
49939,906.18
49949,906.18
49960,906.18
49970,906.18
49980,906.18
49990,906.18
50000,906.18
50010,906.18
50020,906.18
50030,906.18
50041,906.18
50051,906.18
50061,906.18
50071,906.18
50081,906.18
50091,906.18
50101,906.18
50111,906.18
50122,906.18
50132,906.18
50142,906.18
50152,906.18
50162,906.18
50172,906.18
50182,906.18
50192,906.18
50202,906.18
50212,906.18
50222,906.18
50232,906.18
50242,906.18
50252,906.18
50262,906.18
50272,906.18
50282,906.18
50292,906.18
50302,906.18
50312,906.18
50322,906.18
50332,906.18
50342,906.18
50352,906.18
50362,906.18
50372,906.18
50382,906.18
50392,906.18
50403,906.18
50412,906.18
50422,906.18
50432,906.18
50442,906.18
50452,906.18
50462,906.18
50473,906.18
50483,906.18
50493,906.18
50503,906.18
50513,906.18
50523,906.18
50533,906.18
50544,906.18
50554,906.18
50564,906.18
50574,906.18
50584,906.18
50594,906.18
50604,906.18
50615,906.18
50625,906.18
50635,906.18
50645,913.49
51125,913.49
51135,913.49
51145,913.75
51155,913.75
51165,913.75
51175,913.75
51185,913.75
51195,913.75
51205,913.75
51215,913.75
51225,913.75
51235,913.75
51246,913.75
51256,913.75
51266,913.75
51276,913.75
51286,913.75
51296,913.75
51306,913.75
51316,913.75
51326,913.75
51336,913.75
51346,913.75
51356,913.75
51366,913.75
51376,913.75
51386,913.75
51397,913.75
51407,913.75
51417,913.75
51427,913.75
51437,913.75
51447,913.75
51457,913.75
51467,913.75
51477,913.75
51487,913.75
51497,913.75
51507,913.75
51517,913.75
51527,913.75
51537,913.75
51547,913.75
51557,913.75
51567,913.75
51577,913.75
51587,913.75
51597,913.75
51607,913.75
51617,913.75
51627,913.75
51637,913.75
51647,913.75
51657,913.75
51667,913.75
51677,913.75
51687,913.75
51698,913.75
51708,913.75
51718,913.75
51728,913.75
51738,913.75
51748,913.75
51758,913.75
51768,913.75
51779,913.75
51789,913.86
51799,913.86
51809,913.86
51819,913.86
51829,913.86
51839,913.86
51849,913.86
51859,913.86
51869,913.86
51879,913.86
51889,913.86
51899,913.86
51909,913.86
51919,913.86
51930,913.86
51940,913.86
51950,913.86
51960,913.86
51970,913.86
51980,913.86
51990,913.86
52000,913.86
52010,913.86
52020,913.86
52030,913.86
52040,913.86
52050,913.86
52060,913.86
52070,913.86
52080,913.86
52090,913.86
52100,913.86
52110,913.86
52120,913.86
52130,913.86
52140,913.86
52150,921.34
52160,931.64
52170,931.64
52180,931.64
52190,931.64
52200,933.11
52210,940.59
52221,985.93
52231,989.09
52241,995.63
52251,995.63
52261,995.63
52271,995.63
52281,995.63
52292,995.63
52302,995.63
52312,995.63
52322,995.63
52332,995.63
