286,120.06
559,120.06
569,120.06
579,120.06
590,120.06
599,120.06
609,120.06
619,120.06
629,120.06
639,120.06
649,120.06
659,120.06
669,120.06
679,120.06
689,120.06
699,120.06
709,120.06
719,120.06
729,120.06
739,120.06
749,120.06
759,120.06
769,120.06
779,120.06
789,120.06
799,120.06
809,120.06
819,120.06
829,120.06
839,120.06
849,120.06
859,120.06
869,120.06
879,120.06
890,120.06
900,120.06
910,120.06
920,120.06
930,120.06
940,120.06
950,120.06
960,120.06
970,120.06
980,140.07
990,140.07
1000,140.07
1010,140.07
1020,140.07
1031,140.07
1041,140.07
1051,140.07
1061,140.07
1071,140.07
1082,140.07
1092,140.07
1102,140.07
1112,140.07
1122,140.07
1132,140.07
1142,140.07
1152,140.07
1162,140.07
1172,140.07
1182,140.07
1192,140.07
1202,140.07
1212,140.07
1222,140.07
1232,140.07
1243,140.07
1253,140.07
1263,140.07
1273,140.07
1283,140.07
1293,140.07
1303,140.07
1313,140.07
1323,140.07
1333,140.07
1343,140.07
1354,140.07
1364,140.07
1374,140.07
1384,140.07
1395,140.07
1405,140.07
1415,140.07
1425,140.07
1435,140.07
1445,140.07
1455,140.07
1465,140.07
1475,140.07
1487,140.07
1497,140.07
1507,140.07
1517,140.07
1527,140.07
1537,140.07
1548,140.07
1558,140.07
1568,140.07
1578,140.08
1588,140.08
1599,140.08
1609,140.08
1619,140.08
1629,160.11
1640,160.11
1650,160.11
1660,160.11
1670,160.11
1680,160.11
1691,160.11
1701,160.11
1711,160.11
1721,160.11
1731,160.11
1741,160.11
1751,160.11
1761,160.11
1771,160.11
1781,160.11
1791,160.11
1801,160.11
1811,160.11
1821,160.11
1831,160.11
1841,160.11
1851,160.11
1862,160.11
1872,160.11
1882,160.11
1892,160.11
1902,160.11
1912,160.11
1923,160.11
1933,160.11
1945,160.11
1955,160.11
1965,160.11
1975,160.11
1985,160.11
1995,160.11
2005,160.11
2015,160.11
2025,160.11
2035,160.11
2045,160.11
2055,160.11
2065,160.11
2075,160.11
2085,160.11
2095,160.11
2105,160.11
2115,160.11
2125,160.11
2135,160.11
2145,160.11
2156,160.11
2166,160.11
2176,160.11
2186,160.11
2196,160.11
2210,160.11
2220,160.11
2230,160.11
2240,160.11
2250,160.11
2260,160.11
2271,160.11
2281,160.11
2291,160.11
2301,160.11
2311,160.11
2321,160.11
2331,160.11
2341,160.11
2351,160.11
2361,160.11
2371,160.11
2381,160.11
2391,180.14
2402,180.14
2412,180.14
2422,180.14
2432,180.14
2442,180.14
2452,180.14
2462,180.14
2472,180.14
2482,180.14
2492,180.14
2502,180.14
2512,180.14
2522,180.14
2533,180.14
2543,180.14
2553,180.14
2563,180.14
2573,180.14
2584,180.14
2594,180.14
2604,180.14
2614,180.14
2624,180.14
2634,180.14
2645,180.14
2655,200.18
2665,200.18
2675,280.35
2685,280.35
2695,280.35
2705,280.35
2715,280.35
2725,280.35
2735,280.35
2748,280.35
2758,300.39
2768,300.39
2784,300.39
2794,300.39
2804,320.43
2815,320.43
2825,320.43
2835,320.43
2845,320.43
2855,340.44
2865,340.44
2875,340.44
2885,340.44
2895,340.44
2905,340.44
2915,360.45
2925,380.46
2935,380.46
2945,380.46
2955,440.49
2965,460.5
2975,460.5
2985,460.5
2995,460.5
3005,460.5
3015,460.5
3025,460.5
3035,460.5
3046,460.5
3056,460.5
3068,460.5
3078,460.5
3090,460.5
3101,460.5
3111,460.5
3121,460.5
3131,460.5
3141,460.5
3151,460.5
3162,460.5
3172,460.5
3182,460.5
3192,460.5
3202,460.5
3213,460.5
3223,460.5
3233,460.5
3243,460.5
3253,460.5
3263,460.5
3273,460.5
3283,460.5
3293,480.51
3303,480.51
3313,480.51
3324,480.51
3334,480.51
3344,480.51
3354,480.51
3364,480.52
3374,480.52
3384,480.52
3394,500.53
3404,500.53
3414,500.53
3424,500.53
3435,500.53
3445,500.53
3455,500.53
3465,500.53
3475,500.53
3485,500.53
3495,500.53
3505,500.53
3515,500.53
3525,500.53
3535,500.53
3546,500.53
3556,500.53
3566,500.53
3576,500.53
3586,500.53
3596,500.53
3606,500.53
3616,500.53
3626,500.53
3638,500.53
3648,500.53
3659,500.53
3669,500.53
3679,500.53
3689,520.57
3700,540.61
3710,540.61
3720,540.61
3731,540.61
3741,660.86
3751,680.9
3761,740.96
3771,821.0
3781,821.0
3792,821.0
3802,841.01
3812,841.01
3822,841.01
3832,861.02
3842,861.02
3852,861.02
3862,861.02
3872,861.02
3882,861.02
3892,861.02
3902,861.02
3912,861.02
3923,861.02
3933,861.02
3943,861.02
3953,861.02
3963,881.03
3973,881.03
3983,881.03
3993,881.03
4003,881.03
4013,881.03
4024,881.03
4034,881.03
4044,881.03
4054,881.04
4068,881.04
4078,881.04
4088,881.04
4098,881.04
4109,881.04
4119,881.04
4129,881.04
4139,881.04
4149,881.04
4159,881.04
4169,881.04
4179,881.04
4189,881.04
4199,881.04
4209,881.04
4220,901.05
4230,901.05
4240,901.05
4250,901.05
4260,901.05
4271,901.05
4281,901.05
4291,901.05
4301,901.05
4311,901.05
4321,901.05
4331,901.05
4341,901.05
4351,901.05
4361,901.05
4375,901.05
4385,901.05
4395,901.05
4405,901.05
4415,921.06
4426,921.06
4436,921.06
4446,921.06
4456,921.06
4466,921.06
4476,921.06
4486,921.06
4496,921.06
4506,921.06
4516,921.06
4526,921.06
4536,921.06
4546,941.07
4556,941.07
4566,941.07
4576,941.07
4586,941.07
4596,961.08
4606,961.08
4616,961.08
4626,961.08
4636,961.08
4646,961.08
4656,961.08
4666,961.08
4676,961.08
4686,961.08
4696,961.08
4706,961.08
4716,961.08
4726,961.08
4736,961.08
4746,961.08
4757,961.08
4767,961.08
4777,961.08
4787,961.08
4797,961.08
4807,961.08
4818,961.08
4828,961.08
4838,961.08
4848,961.08
4858,961.08
4868,961.08
4879,961.08
4889,961.08
4899,961.08
4909,961.08
4919,961.08
4929,961.08
4939,961.08
4949,961.08
4959,961.08
4969,961.08
4979,961.08
4990,961.08
5000,961.08
5010,961.08
5020,961.08
5030,961.08
5040,961.08
5051,961.08
5061,961.08
5071,961.08
5081,961.08
5091,961.08
5101,961.08
5111,961.08
5121,961.08
5131,961.08
5141,961.08
5151,961.08
5161,961.08
5172,961.08
5182,961.08
5192,961.08
5202,961.08
5212,961.08
5223,961.08
5233,961.08
5243,961.08
5253,961.08
5263,961.08
5273,961.08
5283,961.08
5293,961.08
5303,961.08
5313,961.08
5323,961.08
5334,961.08
5344,961.08
5354,961.08
5364,961.08
5374,961.08
5384,961.08
5394,961.08
5404,961.08
5414,961.08
5424,961.08
5434,961.08
5444,961.08
5454,961.08
5464,961.08
5474,961.08
5484,961.08
5494,961.08
5504,961.08
5514,961.08
5524,961.08
5534,961.08
5544,961.08
5554,961.08
5564,961.08
5574,961.08
5584,961.08
5594,961.08
5605,961.08
5615,961.08
5625,961.08
5635,961.08
5645,961.08
5655,961.08
5665,961.08
5675,961.08
5685,961.08
5695,961.08
5705,961.08
5715,961.08
5726,961.08
5736,961.08
5746,961.08
5756,961.08
5766,961.08
5776,961.08
5787,961.08
5797,961.08
5807,961.08
5817,961.08
5827,961.08
5837,961.08
5847,961.08
5857,961.08
5867,961.08
5877,961.08
5888,961.08
5898,961.08
5908,961.08
5918,961.08
5928,961.08
5938,961.08
5948,961.09
5958,961.09
5968,961.09
5978,961.09
5988,961.09
5998,961.09
6008,961.09
6018,961.09
6028,961.09
6039,961.09
6049,961.09
6059,961.09
6069,961.09
6079,961.09
6089,961.09
6099,961.09
6109,961.09
6119,961.09
6129,961.09
6139,961.09
6150,961.09
6160,961.09
6170,961.09
6180,961.09
6190,961.09
6200,961.09
6210,961.09
6220,961.09
6230,961.09
6240,961.09
6250,961.09
6261,961.09
6271,961.09
6281,961.09
6291,961.09
6301,961.09
6311,961.09
6321,961.09
6331,961.09
6341,961.09
6351,961.09
6361,961.09
6371,961.09
6381,961.09
6391,961.09
6402,961.09
6412,961.09
6422,961.09
6432,961.09
6442,961.09
6453,961.09
6463,961.09
6473,961.09
6483,961.09
6493,961.09
6503,961.09
6513,961.09
6523,961.09
6533,961.09
6543,961.09
6553,961.09
6563,961.09
6573,961.09
6583,961.09
6593,961.09
6603,961.09
6613,961.09
6623,961.09
6633,961.09
6643,961.09
6653,961.09
6663,961.09
6673,961.09
6683,961.09
6693,961.09
6703,961.09
6713,961.09
6724,961.09
6734,961.09
6744,961.09
6754,961.09
6764,961.09
6774,961.09
6784,961.09
6794,961.09
6804,961.09
6814,961.09
6824,961.09
6834,961.09
6844,961.09
6854,961.09
6864,961.09
6874,961.09
6884,961.09
6894,961.09
6904,961.09
6914,961.09
6924,961.09
6934,961.09
6944,961.09
6954,961.09
6964,961.09
6974,961.09
6984,961.09
6995,961.09
7004,961.09
7014,961.09
7024,961.09
7034,961.09
7044,961.09
7055,961.09
7065,961.09
7075,961.09
7085,961.09
7095,961.09
7105,961.09
7115,961.09
7125,961.09
7135,961.09
7145,961.09
7155,961.09
7166,961.09
7175,961.09
7185,961.09
7195,961.09
7205,961.09
7215,961.09
7226,961.09
7236,961.09
7246,961.09
7256,961.09
7266,961.09
7276,961.09
7287,961.09
7297,961.09
7307,961.09
7317,961.09
7327,961.09
7338,961.09
7348,961.09
7358,961.09
7368,961.09
7378,961.09
7388,961.09
7399,961.09
7408,961.09
7418,961.09
7428,961.09
7438,961.09
7448,961.09
7459,961.09
7469,961.09
7479,961.09
7489,961.09
7499,961.09
7509,961.09
7520,961.09
7530,961.09
7540,961.09
7550,961.09
7560,961.09
7570,961.09
7580,961.09
7590,961.09
7600,961.09
7610,961.09
7620,961.09
7631,961.09
7640,961.09
7650,961.09
7660,961.09
7670,961.09
7680,961.09
7691,961.09
7701,961.09
7711,961.09
7721,961.09
7731,961.09
7741,961.09
7751,961.09
7761,961.09
7771,961.09
7781,961.09
7791,961.09
7801,961.09
7811,961.09
7821,961.09
7831,961.09
7841,961.09
7851,961.09
7861,961.09
7872,961.09
7882,961.09
7892,961.09
7902,961.09
7912,961.09
7922,961.09
7932,961.09
7943,961.09
7953,961.09
7963,961.09
7973,961.09
7983,961.09
7993,961.09
8003,961.09
8013,961.09
8023,961.09
8033,961.09
8043,961.09
8053,961.09
8063,961.09
8073,961.09
8083,961.09
8093,961.09
8103,961.09
8113,961.09
8124,961.09
8134,961.09
8144,961.09
8154,961.1
8164,961.1
8174,961.1
8185,961.1
8195,961.1
8205,961.1
8215,961.1
8225,961.1
8235,961.1
8246,961.1
8256,961.1
8266,961.1
8276,961.1
8286,961.1
8296,961.1
8306,961.1
8316,961.1
8326,961.1
8336,961.1
8346,961.1
8356,961.1
8366,961.1
8377,961.1
8387,961.1
8397,961.1
8407,961.1
8417,961.1
8427,961.1
8438,961.1
8448,961.1
8458,961.1
8468,961.1
8478,961.1
8488,961.1
8498,961.1
8508,961.1
8518,961.1
8528,961.1
8538,961.1
8548,961.1
8558,961.1
8569,961.1
8579,961.1
8589,961.1
8599,961.1
8609,961.1
8619,961.1
8629,961.1
8639,961.1
8649,961.1
8659,961.1
8669,961.1
8679,961.1
8689,961.1
8699,961.1
8709,961.1
8719,961.1
8729,961.1
8739,961.1
8749,961.1
8760,961.1
8770,961.1
8780,961.1
8790,961.1
8800,961.1
8810,961.1
8821,961.1
8831,961.1
8841,961.1
8851,961.1
8861,961.1
8871,961.1
8881,961.1
8891,961.1
8901,961.1
8911,961.1
8921,961.1
8931,961.1
8942,961.1
8952,961.1
8962,961.1
8972,961.1
8982,961.1
8992,961.1
9002,961.1
9012,961.1
9022,961.1
9032,961.1
9042,961.1
9052,961.1
9063,961.1
9073,961.1
9083,961.1
9093,961.1
9103,961.1
9113,961.1
9123,961.1
9133,961.1
9143,961.1
9153,961.1
9163,961.1
9173,961.1
9184,961.1
9194,961.1
9204,961.1
9214,961.1
9224,961.1
9234,961.1
9245,961.1
9255,961.1
9265,961.1
9275,961.1
9285,961.1
9295,961.1
9306,961.1
9316,961.1
9326,961.1
9336,961.1
9346,961.1
9356,961.1
9366,961.1
9376,961.1
9386,961.1
9396,961.1
9406,961.1
9416,961.1
9427,961.1
9437,961.1
9447,961.1
9457,961.1
9467,961.1
9477,961.1
9488,961.1
9498,961.1
9508,961.1
9518,961.1
9528,961.1
9538,961.1
9549,961.1
9559,961.1
9569,961.1
9579,961.1
9589,961.1
9599,961.1
9610,961.1
9620,961.1
9630,961.1
9640,961.1
9650,961.1
9660,961.1
9671,961.1
9681,961.1
9691,961.1
9701,961.1
9711,961.1
9721,961.1
9732,961.1
9742,961.1
9752,961.1
9762,961.1
9772,961.1
9782,961.1
9793,961.1
9803,961.1
9813,961.1
9823,961.1
9833,961.1
9843,961.1
9853,961.1
9863,961.1
9873,961.1
9883,961.1
9893,961.1
9903,961.1
9913,961.1
9924,961.1
9934,961.1
9944,961.1
9954,961.1
9964,961.1
9974,961.1
9985,961.1
9995,961.1
10005,961.1
10015,961.1
10025,961.1
10035,961.1
10045,961.1
10055,961.1
10065,961.1
10075,961.1
10085,961.1
10096,961.1
10106,961.1
10116,961.1
10126,961.1
10136,961.1
10146,961.1
10156,961.1
10166,961.1
10176,961.1
10186,961.1
10196,961.1
10206,961.1
10217,961.1
10227,961.1
10237,961.1
10247,961.1
10257,961.1
10267,961.1
10277,961.1
10287,961.1
10297,961.1
10307,961.1
10317,961.1
10327,961.1
10337,961.1
10347,961.1
10357,961.11
10367,961.11
10377,961.11
10387,961.11
10397,961.11
10408,961.11
10418,961.11
10428,961.11
10438,961.11
10448,961.11
10458,961.11
10469,961.11
10479,961.11
10489,961.11
10499,961.11
10509,961.11
10519,961.11
10530,961.11
10539,961.11
10549,961.11
10559,961.11
10569,961.11
10579,961.11
10589,961.11
10600,961.11
10610,961.11
10620,961.11
10630,961.11
10640,961.11
10650,961.11
10660,961.11
10670,961.11
10680,961.11
10690,961.11
10700,961.11
10710,961.11
10721,961.11
10731,961.11
10741,961.11
10751,961.11
10761,961.11
10771,961.11
10782,961.11
10791,961.11
10801,961.11
10811,961.11
10821,961.11
10831,961.11
10841,961.11
10851,961.11
10861,961.11
10871,961.11
10881,961.11
10891,961.11
10901,961.11
10912,961.11
10922,961.11
10932,961.11
10942,961.11
10952,961.11
10962,961.11
10973,961.11
10982,961.11
10992,961.11
11002,961.11
11012,961.11
11022,961.11
11032,961.11
11042,961.11
11052,961.11
11062,961.11
11072,961.11
11082,961.11
11092,961.11
11103,961.11
11113,961.11
11123,961.11
11133,961.11
11143,961.11
11153,961.11
11163,961.11
11173,961.11
11183,961.11
11193,961.11
11203,961.11
11213,961.11
11223,961.11
11234,961.11
11244,961.11
11254,961.11
11264,961.11
11274,961.11
11284,961.11
11294,961.11
11304,961.11
11314,961.11
11324,961.11
11334,961.11
11344,961.11
11354,961.11
11365,961.11
11375,961.11
11385,961.11
11395,961.11
11405,961.11
11415,961.11
11425,961.11
11435,961.11
11445,961.11
11455,961.11
11465,961.11
11475,961.11
11486,961.11
11495,961.11
11505,961.11
11515,961.11
11525,961.11
11535,961.11
11545,961.11
11556,961.11
11566,961.11
11576,961.11
11586,961.11
11596,961.11
11606,961.11
11616,961.11
11626,961.11
11636,961.11
11646,961.11
11656,961.11
11666,961.11
11676,961.11
11687,961.11
11697,961.11
11707,961.11
11717,961.11
11727,961.11
11737,961.11
11747,961.11
11757,961.11
11767,961.11
11777,961.11
11787,961.11
11797,961.11
11807,961.11
11817,961.11
11827,961.11
11837,961.11
11847,961.11
11857,961.11
11867,961.11
11877,961.11
11887,961.11
11897,961.11
11907,961.11
11917,961.11
11927,961.11
11937,961.11
11948,961.11
11958,961.11
11968,961.11
11978,961.11
11988,961.11
11998,961.11
12009,961.11
12019,961.11
12029,961.11
12039,961.11
12049,961.11
12059,961.11
12070,961.11
12080,961.11
12090,961.11
12100,961.11
12110,961.11
12120,961.11
12131,961.11
12141,961.11
12151,961.11
12161,961.11
12171,961.11
12181,961.11
12192,961.11
12202,961.11
12212,961.11
12222,961.11
12232,961.11
12242,961.11
12253,961.11
12262,961.11
12272,961.11
12282,961.11
12292,961.11
12302,961.11
12312,961.11
12322,961.11
12332,961.11
12342,961.11
12352,961.11
12362,961.11
12372,961.11
12383,961.11
12393,961.11
12403,961.11
12413,961.11
12423,961.11
12433,961.11
12443,961.11
12453,961.11
12463,961.11
12473,961.11
12483,961.11
12493,961.11
12503,961.11
12513,961.11
12523,961.11
12533,961.11
12543,961.11
12553,961.11
12563,961.12
12574,961.12
12584,961.12
12594,961.12
12604,961.12
12614,961.12
12624,961.12
12635,961.12
12645,961.12
12655,961.12
12665,961.12
12675,961.12
12685,961.12
12695,961.12
12705,961.12
12715,961.12
12725,961.12
12735,961.12
12745,961.12
12755,961.12
12765,961.12
12775,961.12
12785,961.12
12795,961.12
12805,961.12
12815,961.12
12825,961.12
12835,961.12
12845,961.12
12855,961.12
12865,961.12
12875,961.12
12886,961.12
12896,961.12
12906,961.12
12916,961.12
12926,961.12
12936,961.12
12947,961.12
12957,961.12
12967,961.12
12977,961.12
12987,961.12
12997,961.12
13008,961.12
13018,961.12
13028,961.12
13038,961.12
13048,961.12
13058,961.12
13069,961.12
13079,961.12
13089,961.12
13099,961.12
13109,961.12
13119,961.12
13130,961.12
13139,961.12
13149,961.12
13159,961.12
13169,961.12
13179,961.12
13190,961.12
13200,961.12
13210,961.12
13220,961.12
13230,961.12
13240,961.12
13250,961.12
13260,961.12
13270,961.12
13280,961.12
13290,961.12
13300,961.12
13310,961.12
13320,961.12
13330,961.12
13340,961.12
13350,961.12
13360,961.12
13371,961.12
13380,961.12
13390,961.12
13400,961.12
13410,961.12
13420,961.12
13431,961.12
13441,961.12
13451,961.12
13461,961.12
13471,961.12
13481,961.12
13492,961.12
13502,961.12
13512,961.12
13522,961.12
13532,961.12
13542,961.12
13553,961.12
13562,961.12
13572,961.12
13582,961.12
13592,961.12
13602,961.12
13612,961.12
13622,961.12
13632,961.12
13642,961.12
13652,961.12
13662,961.12
13672,961.12
13683,961.12
13693,961.12
13703,961.12
13713,961.12
13723,961.12
13733,961.12
13744,961.12
13754,961.12
13764,961.12
13774,961.12
13784,961.12
13794,961.12
13805,961.12
13815,961.12
13825,961.12
13835,961.12
13845,961.12
13855,961.12
13866,961.12
13876,961.12
13886,961.12
13896,961.12
13906,961.12
13916,961.12
13926,961.12
13936,961.12
13946,961.12
13956,961.12
13966,961.12
13976,961.12
13986,961.12
13997,961.12
14006,961.12
14016,961.12
14026,961.12
14036,961.12
14046,961.12
14056,961.12
14066,961.12
14076,961.12
14086,961.12
14096,961.12
14106,961.12
14116,961.12
14126,961.12
14136,961.12
14146,961.12
14156,961.12
14166,961.12
14176,961.12
14186,961.12
14196,961.12
14207,961.12
14217,961.12
14227,961.12
14237,961.12
14247,961.12
14257,961.12
14267,961.12
14278,961.12
14288,961.12
14298,961.12
14308,961.12
14318,961.12
14328,961.12
14338,961.12
14349,961.12
14359,961.12
14369,961.12
14379,961.12
14389,961.12
14399,961.12
14409,961.12
14420,961.12
14430,961.12
14440,961.12
14450,961.12
14460,961.12
14470,961.12
14481,961.12
14491,961.12
14501,961.12
14511,961.12
14521,961.12
14531,961.12
14542,961.12
14552,961.12
14562,961.12
14572,961.12
14582,961.12
14592,961.12
14602,961.12
14612,961.12
14622,961.12
14632,961.12
14642,961.12
14652,961.12
14662,961.12
14673,961.12
14683,961.12
14693,961.12
14703,961.12
14713,961.12
14723,961.12
14734,961.12
14744,961.12
14754,961.12
14764,961.13
14774,961.13
14784,961.13
14795,961.13
14805,961.13
14815,961.13
14825,961.13
14835,961.13
14845,961.13
14855,961.13
14865,961.13
14875,961.13
14885,961.13
14895,961.13
14905,961.13
14915,961.13
14926,961.13
14936,961.13
14946,961.13
14956,961.13
14966,961.13
14976,961.13
14987,961.13
14997,961.13
15007,961.13
15017,961.13
15027,961.13
15037,961.13
15047,961.13
15057,961.13
15067,961.13
15077,961.13
15087,961.13
15097,961.13
15108,961.13
15118,961.13
15128,961.13
15138,961.13
15148,961.13
15158,961.13
15169,961.13
15179,961.13
15189,961.13
15199,961.13
15209,961.13
15219,961.13
15230,961.13
15240,961.13
15250,961.13
15260,961.13
15270,961.13
15280,961.13
15290,961.13
15300,961.13
15310,961.13
15320,961.13
15330,961.13
15340,961.13
15350,961.13
15361,961.13
15371,961.13
15381,961.13
15391,961.13
15401,961.13
15411,961.13
15422,961.13
15432,961.13
15442,961.13
15452,961.13
15462,961.13
15472,961.13
15483,961.13
15493,961.13
15503,961.13
15513,961.13
15523,961.13
15533,961.13
15543,961.13
15553,961.13
15563,961.13
15573,961.13
15583,961.13
15593,961.13
15604,961.13
15614,961.13
15624,961.13
15634,961.13
15644,961.13
15654,961.13
15665,961.13
15675,961.13
15685,961.13
15695,961.13
15705,961.13
15715,961.13
15726,961.13
15736,961.13
15746,961.13
15756,961.13
15766,961.13
15776,961.13
15786,961.13
15796,961.13
15806,961.13
15816,961.13
15826,961.13
15836,961.13
15846,961.13
15856,961.13
15866,961.13
15876,961.13
15886,961.13
15897,961.13
15906,961.13
15916,961.13
15926,961.13
15936,961.13
15946,961.13
15956,961.13
15967,961.13
15977,961.13
15987,961.13
15997,961.13
16007,961.13
16017,961.13
16028,961.13
16038,961.13
16048,961.13
16058,961.13
16068,961.13
16078,961.13
16088,961.13
16098,961.13
16108,961.13
16118,961.13
16128,961.13
16138,961.13
16149,961.13
16159,961.13
16169,961.13
16179,961.13
16189,961.13
16199,961.13
16209,961.13
16219,961.13
16229,961.13
16239,961.13
16249,961.13
16259,961.13
16269,961.13
16279,961.13
16289,961.13
16299,961.13
16309,961.13
16319,961.13
16329,961.13
16339,961.13
16349,961.13
16359,961.13
16369,961.13
16379,961.13
16389,961.13
16399,961.13
16409,961.13
16419,961.13
16429,961.13
16439,961.13
16450,961.13
16460,961.13
16470,961.13
16480,961.13
16490,961.13
16500,961.13
16510,961.13
16521,961.13
16531,961.13
16541,961.13
16551,961.13
16561,961.13
16571,961.13
16582,961.13
16592,961.13
16602,961.13
16612,961.13
16622,961.13
16632,961.13
16642,961.13
16652,961.13
16662,961.13
16672,961.13
16682,961.13
16693,961.13
16703,961.13
16713,961.13
16723,961.13
16733,961.13
16743,961.13
16754,961.13
16764,961.13
16774,961.13
16784,961.13
16794,961.13
16804,961.13
16815,961.13
16825,961.13
16835,961.13
16845,961.13
16855,961.13
16865,961.13
16875,961.13
16885,961.13
16895,961.13
16905,961.13
16915,961.13
16925,961.13
16935,961.13
16945,961.13
16955,961.13
16965,961.14
16975,961.14
16985,961.14
16995,961.14
17005,961.14
17015,961.14
17025,961.14
17035,961.14
17045,961.14
17056,961.14
17066,961.14
17076,961.14
17086,961.14
17096,961.14
17106,961.14
17116,961.14
17126,961.14
17136,961.14
17146,961.14
17156,961.14
17166,961.14
17176,961.14
17187,961.14
17196,961.14
17206,961.14
17216,961.14
17226,961.14
17236,961.14
17246,961.14
17256,961.14
17266,961.14
17276,961.14
17286,961.14
17296,961.14
17306,961.14
17316,961.14
17326,981.15
17336,981.15
17346,981.15
17356,981.15
17366,981.15
17376,981.15
17386,981.15
17396,981.15
17406,981.15
17416,981.15
17426,981.15
17436,981.15
17446,981.15
17456,981.15
17466,981.15
17476,981.15
17486,981.15
17496,981.15
17506,981.15
17516,981.15
17526,981.15
17536,981.15
17546,981.15
17556,981.15
17567,981.15
17577,981.15
17587,981.15
17597,981.15
17607,981.15
17617,981.15
17628,981.15
17638,981.15
17648,981.15
17658,981.15
17668,981.15
17678,981.15
17688,981.15
17698,981.15
17708,981.15
17718,981.15
17728,981.15
17738,981.15
17748,981.15
17758,981.15
17768,981.15
17778,981.15
17788,981.15
17798,981.15
17808,981.15
17819,981.15
17829,981.15
17839,981.15
17849,981.15
17859,981.15
17869,981.15
17879,981.15
17889,981.15
17899,981.15
17909,981.15
17919,981.15
17929,981.15
17939,981.15
17950,981.15
17960,981.15
17970,981.15
17980,981.15
17990,981.15
18000,981.15
18011,981.15
18020,981.15
18030,981.15
18040,981.15
18050,981.15
18060,981.15
18070,981.15
18081,981.15
18091,981.15
18101,981.15
18111,981.15
18121,981.15
18131,981.15
18142,981.15
18152,981.15
18162,981.15
18172,981.15
18182,981.15
18192,981.15
18202,981.15
18212,981.15
18222,981.15
18232,981.15
18242,981.15
18252,981.15
18262,981.15
18273,981.15
18283,981.15
18293,981.15
18303,981.15
18313,981.15
18323,981.15
18333,981.15
18344,981.15
18354,981.15
18364,981.15
18374,981.15
18384,981.15
18394,981.15
18404,981.15
18414,981.15
18424,981.15
18434,981.15
18444,981.15
18454,981.15
18464,981.15
18475,981.15
18485,981.15
18495,981.15
18505,981.15
18515,981.15
18525,981.15
18536,981.15
18546,981.15
18556,981.15
18566,981.15
18576,981.15
18586,981.15
18596,981.15
18606,981.15
18616,981.15
18626,981.15
18636,981.15
18646,981.15
18657,981.15
18667,981.15
18677,981.15
18687,981.15
18697,981.15
18707,981.15
18717,981.15
18728,981.15
18738,981.15
18748,981.15
18758,981.15
18768,981.15
18778,981.15
18788,981.15
18799,981.15
18809,981.15
18819,981.15
18829,981.15
18839,981.15
18849,981.15
18860,981.15
18870,981.15
18880,981.15
18890,981.15
18900,981.15
18910,981.15
18921,981.15
18931,981.15
18941,981.15
18951,981.15
18961,981.15
18971,981.15
18982,981.15
18992,981.15
19002,981.15
19012,981.15
19022,981.15
19032,981.15
19042,981.15
19052,981.15
19062,981.15
19072,981.15
19082,981.15
19092,981.15
19102,981.15
19113,981.15
19123,981.15
19133,981.15
19143,981.15
19153,981.15
19163,981.16
19173,981.16
19183,981.16
19193,981.16
19203,981.16
19213,981.16
19223,981.16
19233,981.16
19244,981.16
19254,981.16
19264,981.16
19274,981.16
19284,981.16
19294,981.16
19305,981.16
19315,981.16
19325,981.16
19335,981.16
19345,981.16
19355,981.16
19365,981.16
19376,981.16
19386,981.16
19396,981.16
19406,981.16
19416,981.16
19426,981.16
19437,981.16
19446,981.16
19456,981.16
19466,981.16
19476,981.16
19486,981.16
19496,981.16
19506,981.16
19516,981.16
19526,981.16
19536,981.16
19546,981.16
19556,981.16
19567,981.16
19577,981.16
19587,981.16
19597,981.16
19607,981.16
19617,981.16
19627,981.16
19637,981.16
19647,981.16
19657,981.16
19667,981.16
19677,981.16
19687,981.16
19697,981.16
19707,981.16
19717,981.16
19727,981.16
19737,981.16
19748,981.16
19758,981.16
19768,981.16
19778,981.16
19788,981.16
19798,981.16
19809,981.16
19819,981.16
19829,981.16
19839,981.16
19849,981.16
19859,981.16
19870,981.16
19880,981.16
19890,981.16
19900,981.16
19910,981.16
19920,981.16
19930,981.16
19940,981.16
19950,981.16
19960,981.16
19970,981.16
19981,981.16
19991,981.16
20001,981.16
20011,981.16
20021,981.16
20031,981.16
20041,981.16
20051,981.16
20061,981.16
20071,981.16
20081,981.16
20092,981.16
20102,981.16
20112,981.16
20122,981.16
20132,981.16
20142,981.16
20152,981.16
20163,981.16
20173,981.16
20183,981.16
20193,981.16
20203,981.16
20213,981.16
20223,981.16
20234,981.16
20244,981.16
20254,981.16
20264,981.16
20274,981.16
20284,981.16
20295,981.16
20304,981.16
20314,981.16
20324,981.16
20334,981.16
20344,981.16
20354,981.16
20365,981.16
20375,981.16
20385,981.16
20395,981.16
20405,981.16
20415,981.16
20426,981.16
20436,981.16
20446,981.16
20456,981.16
20466,981.16
20476,981.16
20487,981.16
20497,981.16
20507,981.16
20517,981.16
20527,981.16
20537,981.16
20547,981.16
20557,981.16
20567,981.16
20577,981.16
20587,981.16
20597,981.16
20608,981.16
20618,981.16
20628,981.16
20638,981.16
20648,981.16
20658,981.16
20668,981.16
20678,981.16
20688,981.16
20698,981.16
20708,981.16
20718,981.16
20728,981.16
20738,981.16
20748,981.16
20759,981.16
20769,981.16
20779,981.16
20789,981.16
20799,981.16
20809,981.16
20819,981.16
20829,981.16
20839,981.16
20849,981.16
20859,981.16
20869,981.16
20879,981.16
20890,981.16
20900,981.16
20910,981.16
20920,981.16
20930,981.16
20940,981.16
20951,981.16
20960,981.16
20970,981.16
20980,981.16
20990,981.16
21000,981.16
21010,981.16
21020,981.16
21030,981.16
21040,981.16
21050,981.16
21060,981.16
21070,981.16
21080,981.16
21090,981.16
21100,981.16
21110,981.16
21120,981.16
21130,981.16
21140,981.16
21150,981.16
21160,981.16
21170,981.16
21180,981.16
21190,981.16
21200,981.16
21210,981.16
21220,981.16
21230,981.16
21240,981.16
21250,981.16
21261,981.16
21271,981.16
21281,981.16
21291,981.16
21301,981.16
21311,981.16
21321,981.16
21332,981.16
21342,981.16
21352,981.16
21362,981.17
21372,981.17
21382,981.17
21393,981.17
21402,981.17
21412,981.17
21422,981.17
21432,981.17
21442,981.17
21453,981.17
21462,981.17
21472,981.17
21482,981.17
21492,981.17
21502,981.17
21512,981.17
21523,981.17
21533,981.17
21543,981.17
21553,981.17
21563,981.17
21573,981.17
21584,981.17
21593,981.17
21603,981.17
21613,981.17
21623,981.17
21633,981.17
21643,981.17
21654,981.17
21664,981.17
21674,981.17
21684,981.17
21694,981.17
21704,981.17
21714,981.17
21724,981.17
21734,981.17
21744,981.17
21754,981.17
21764,981.17
21774,981.17
21785,981.17
21795,981.17
21805,981.17
21815,981.17
21825,981.17
21836,981.17
21846,981.17
21856,981.17
21866,981.17
21876,981.17
21886,981.17
21897,981.17
21907,981.17
21917,981.17
21927,981.17
21937,981.17
21947,981.17
21958,981.17
21968,981.17
21978,981.17
21988,981.17
21998,981.17
22008,981.17
22018,981.17
22028,981.17
22038,981.17
22048,981.17
22058,981.17
22068,981.17
22078,981.17
22088,981.17
22098,981.17
22108,981.17
22118,981.17
22128,981.17
22138,981.17
22149,981.17
22159,981.17
22169,981.17
22179,981.17
22189,981.17
22199,981.17
22209,981.17
22219,981.17
22229,981.17
22239,981.17
22249,981.17
22259,981.17
22269,981.17
22279,981.17
22289,981.17
22299,981.17
22309,981.17
22319,981.17
22329,981.17
22340,981.17
22350,981.17
22360,981.17
22370,981.17
22380,981.17
22390,981.17
22401,981.17
22411,981.17
22421,981.17
22431,981.17
22441,981.17
22451,981.17
22461,981.17
22472,981.17
22482,981.17
22492,981.17
22502,981.17
22512,981.17
22522,981.17
22533,981.17
22543,981.17
22553,981.17
22563,981.17
22573,981.17
22583,981.17
22594,981.17
22604,981.17
22614,981.17
22624,981.17
22634,981.17
22644,981.17
22654,981.17
22665,981.17
22675,981.17
22685,981.17
22695,981.17
22705,981.17
22716,981.17
22726,981.17
22736,981.17
22746,981.17
22756,981.17
22766,981.17
22777,981.17
22787,981.17
22797,981.17
22807,981.17
22817,981.17
22827,981.17
22838,981.17
22847,981.17
22857,981.17
22867,981.17
22877,981.17
22887,981.17
22897,981.17
22907,981.17
22917,981.17
22927,981.17
22937,981.17
22947,981.17
22957,981.17
22967,981.17
22977,981.17
22987,981.17
22997,981.17
23007,981.17
23017,981.17
23027,981.17
23038,981.17
23048,981.17
23058,981.17
23068,981.17
23078,981.17
23089,981.17
23099,981.17
23109,981.17
23119,981.17
23129,981.17
23140,981.17
23150,981.17
23160,981.17
23170,981.17
23180,981.17
23190,981.17
23200,981.17
23210,981.17
23220,981.17
23230,981.17
23240,981.17
23250,981.17
23260,981.17
23271,981.17
23281,981.17
23291,981.17
23301,981.17
23311,981.17
23321,981.17
23332,981.17
23341,981.17
23351,981.17
23361,981.17
23371,981.17
23381,981.17
23391,981.17
23402,981.17
23412,981.17
23422,981.17
23432,981.17
23442,981.17
23452,981.17
23463,981.17
23473,981.17
23483,981.17
23493,981.17
23504,981.17
23514,981.17
23524,981.17
23534,981.17
23544,981.17
23554,981.17
23564,981.17
23574,981.18
23584,981.18
23594,981.18
23604,981.18
23615,981.18
23625,981.18
23635,981.18
23645,981.18
23655,981.18
23665,981.18
23675,981.18
23685,981.18
23695,981.18
23705,981.18
23715,981.18
23725,981.18
23735,981.18
23746,981.18
23756,981.18
23766,981.18
23776,981.18
23786,981.18
23796,981.18
23807,981.18
23817,981.18
23827,981.18
23837,981.18
23847,981.18
23857,981.18
23867,981.18
23878,981.18
23888,981.18
23898,981.18
23908,981.18
23918,981.18
23928,981.18
23939,981.18
23949,981.18
23959,981.18
23969,981.18
23979,981.18
23989,981.18
23999,981.18
24009,981.18
24019,981.18
24029,981.18
24039,981.18
24049,981.18
24059,981.18
24070,981.18
24080,981.18
24090,981.18
24100,981.18
24110,981.18
24120,981.18
24130,981.18
24141,981.18
24151,981.18
24161,981.18
24171,981.18
24181,981.18
24191,981.18
24202,981.18
24212,981.18
24222,981.18
24232,981.18
24242,981.18
24252,981.18
24262,981.18
24273,981.18
24283,981.18
24293,981.18
24303,981.18
24313,981.18
24323,981.18
24333,981.18
24343,981.18
24353,981.18
24363,981.18
24373,981.18
24383,981.18
24393,981.18
24403,981.18
24413,981.18
24423,981.18
24433,981.18
24443,981.18
24454,981.18
24463,981.18
24473,981.18
24483,981.18
24493,981.18
24503,981.18
24513,981.18
24523,981.18
24533,981.18
24543,981.18
24553,981.18
24563,981.18
24573,981.18
24584,981.18
24594,981.18
24604,981.18
24614,981.18
24624,981.18
24634,981.18
24644,981.18
24654,981.18
24664,981.18
24674,981.18
24684,981.18
24694,981.18
24704,981.18
24714,981.18
24724,981.18
24734,981.18
24744,981.18
24754,981.18
24764,981.18
24774,981.18
24784,981.18
24794,981.18
24804,981.18
24814,981.18
24824,981.18
24834,981.18
24845,981.18
24855,981.18
24865,981.18
24875,981.18
24885,981.18
24895,981.18
24905,981.18
24916,981.18
24926,981.18
24936,981.18
24946,981.18
24956,981.18
24967,981.18
24977,981.18
24987,981.18
24998,981.18
25008,981.18
25018,981.18
25028,981.18
25038,981.18
25048,981.18
25058,981.18
25068,981.18
25078,981.18
25089,981.18
25099,981.18
25109,981.18
25119,981.18
25129,981.18
25139,981.18
25149,981.18
25159,981.18
25169,981.18
25179,981.18
25189,981.18
25199,981.18
25209,981.18
25219,981.18
25229,981.18
25239,981.18
25249,981.18
25259,981.18
25269,981.18
25280,981.18
25290,981.18
25300,981.18
25310,981.18
25320,981.18
25330,981.18
25340,981.18
25350,981.18
25360,981.18
25370,981.18
25380,981.18
25391,981.18
25401,981.18
25411,981.18
25421,981.18
25432,981.18
25442,981.18
25452,981.18
25462,981.18
25472,981.18
25483,981.18
25493,981.18
25503,981.18
25513,981.18
25523,981.18
25533,981.18
25543,981.18
25554,981.18
25564,981.18
25574,981.18
25584,981.18
25594,981.18
25604,981.18
25615,981.18
25625,981.18
25635,981.18
25645,981.18
25655,981.18
25665,981.18
25675,981.18
25685,981.18
25695,981.18
25705,981.18
25715,981.18
25725,981.18
25735,981.18
25746,981.18
25756,981.18
25766,981.18
25776,981.19
25786,981.19
25796,981.19
25806,981.19
25816,981.19
25826,981.19
25836,981.19
25846,981.19
25857,981.19
25867,981.19
25877,981.19
25887,981.19
25897,981.19
25907,981.19
25917,981.19
25927,981.19
25937,981.19
25947,981.19
25957,981.19
25967,981.19
25978,981.19
25988,981.19
25998,981.19
26008,981.19
26018,981.19
26028,981.19
26038,981.19
26048,981.19
26058,981.19
26068,981.19
26078,981.19
26088,981.19
26098,981.19
26109,981.19
26119,981.19
26129,981.19
26139,981.19
26149,981.19
26159,981.19
26169,981.19
26179,981.19
26189,981.19
26199,981.19
26209,981.19
26219,981.19
26230,981.19
26240,981.19
26250,981.19
26260,981.19
26270,981.19
26280,981.19
26290,981.19
26300,981.19
26310,981.19
26320,981.19
26330,981.19
26340,981.19
26350,981.19
26361,981.19
26371,981.19
26381,981.19
26391,981.19
26401,981.19
26411,981.19
26422,981.19
26431,981.19
26441,981.19
26451,981.19
26461,981.19
26472,981.19
26482,981.19
26492,981.19
26502,981.19
26512,981.19
26522,981.19
26533,981.19
26543,981.19
26553,981.19
26563,981.19
26573,981.19
26583,981.19
26594,981.19
26604,981.19
26614,981.19
26624,981.19
26634,981.19
26644,981.19
26654,981.19
26664,981.19
26674,981.19
26684,981.19
26694,981.19
26704,981.19
26714,981.19
26724,981.19
26734,981.19
26744,981.19
26754,981.19
26764,981.19
26774,981.19
26784,981.19
26794,981.19
26804,981.19
26814,981.19
26825,981.19
26835,981.19
26845,981.19
26855,981.19
26865,981.19
26875,981.19
26885,981.19
26896,981.19
26906,981.19
26916,981.19
26977,32.63
26987,73.05
27000,73.05
27002,73.05,task,start,5,1,58,0,0
27001,73.05,task,start,8,1,58,0,0
27010,83.26
27021,83.26
27031,83.26
27041,83.26
27052,83.26
27062,83.26
27072,83.26
27084,83.26
27094,83.26
27104,83.26
27114,83.26
27124,83.26
27134,83.26
27144,83.26
27154,83.26
27164,83.26
27175,83.26
27185,83.26
27195,83.26
27205,93.47
27215,93.47
27225,93.47
27236,93.47
27246,93.47
27256,93.47
27266,93.47
27276,93.47
27286,93.47
27296,93.47
27306,93.47
27316,93.47
27326,113.88
27336,124.08
27346,124.08
27357,124.08
27367,124.08
27377,125.51
27387,125.51
27397,125.51
27407,125.51
27417,125.51
27428,125.51
27438,142.94
27448,142.94
27458,142.94
27468,142.94
27478,142.94
27489,142.94
27499,142.94
27509,142.94
27519,142.94
27529,142.94
27539,142.94
27549,142.94
27559,142.94
27569,142.94
27579,142.95
27589,142.95
27599,142.95
27609,142.95
27620,142.95
27630,142.95
27640,144.38
27650,144.38
27660,144.38
27670,144.38
27672,144.38,persist,memory,7389
27680,144.38
27690,144.38
27700,144.38
27710,144.38
27720,144.38
27731,144.38
27741,144.38
27751,154.59
27761,154.59
27771,154.59
27781,154.59
27791,154.59
27801,154.59
27811,154.6
27821,154.6
27829,154.6,persist,memory,22320
27832,154.6
27842,154.6
27852,154.6
27862,154.6
27872,154.6
27882,154.6
27893,154.6
27903,154.6
27913,154.6
27924,154.6
27934,154.6
27945,154.6
27955,154.6
27965,154.6
27975,154.6
27988,174.61
27998,184.81
28008,184.81
28018,184.81
28029,184.81
28044,184.81
28054,184.81
28064,184.81
28074,184.81
28085,184.81
28094,184.81
28104,184.81
28114,184.81
28124,184.81
28134,184.81
28144,184.81
28155,184.81
28165,184.81
28175,184.81
28185,184.82
28195,184.82
28212,184.82
28222,184.82
28235,184.82
28245,184.82
28255,184.82
28265,184.82
28276,184.82
28286,184.82
28303,184.82
28314,186.25
28324,202.25
28334,202.25
28344,202.25
28354,202.25
28365,202.25
28375,202.25
28385,202.25
28395,202.25
28425,202.25
28435,202.25
28445,202.25
28455,202.25
28465,202.25
28475,202.25
28485,202.25
28495,202.25
28506,202.25
28516,202.25
28526,202.25
28536,202.25
28546,202.25
28556,202.25
28566,202.25
28576,202.25
28586,202.25
28596,202.25
28606,202.25
28616,202.25
28626,202.25
28636,202.25
28646,202.25
28656,202.25
28666,202.25
28714,202.25
28724,202.25
28735,202.25
28744,202.25
28754,202.25
28765,202.25
28775,202.25
28785,202.25
28795,202.25
28805,202.25
28817,202.25
28827,202.25
28837,202.25
28847,202.25
28857,202.25
28867,202.25
28877,202.25
28887,202.25
28897,202.25
28907,202.25
28917,202.25
28927,202.25
28937,202.25
28947,202.25
28957,202.25
28967,202.25
28977,202.25
28987,202.25
28998,202.25
29008,202.25
29018,202.25
29028,202.25
29038,202.25
29048,202.26
29058,202.26
29069,202.26
29079,202.26
29089,202.26
29099,202.26
29109,202.26
29119,202.26
29129,202.26
29139,202.26
29149,202.26
29159,202.26
29169,202.26
29179,202.26
29189,202.26
29199,202.26
29212,202.26
29222,202.26
29232,202.26
29242,202.26
29253,202.26
29263,202.26
29273,202.26
29283,202.26
29293,202.26
29303,202.26
29313,202.26
29324,202.26
29334,202.26
29344,202.26
29354,202.26
29364,212.47
29374,212.47
29384,212.47
29394,212.47
29404,212.47
29414,212.47
29424,212.47
29434,212.47
29444,212.47
29455,212.47
29465,212.47
29475,212.47
29485,212.47
29495,212.47
29505,212.47
29515,212.47
29525,212.47
29535,212.47
29545,212.47
29555,212.47
29565,212.47
29575,212.47
29591,212.47
29601,212.47
29611,212.47
29621,212.47
29632,212.47
29642,212.47
29652,232.48
29662,232.48
29672,232.48
29682,232.48
29692,232.48
29702,232.48
29712,232.48
29722,232.48
29732,232.48
29742,232.48
29752,232.48
29763,232.48
29773,232.48
29783,232.48
29793,232.48
29803,232.48
29813,232.48
29823,232.48
29834,232.48
29844,232.48
29854,232.48
29864,232.48
29874,232.48
29884,232.48
29894,232.49
29904,232.49
29932,232.49
29942,232.49
29952,242.69
29962,242.69
29972,242.69
29982,242.69
29992,242.69
30002,242.69
30012,242.69
30022,242.69
30032,242.69
30042,242.69
30052,242.69
30062,242.69
30072,242.69
30082,242.69
30092,242.69
30102,252.9
30112,252.9
30122,252.9
30132,272.91
30142,272.91
30152,272.91
30162,272.91
30172,272.91
30182,272.91
30195,272.91
30205,272.91
30216,283.11
30226,283.11
30236,283.11
30246,283.11
30257,283.11
30266,283.12
30276,283.12
30286,283.12
30296,283.12
30306,283.12
30316,283.12
30327,283.12
30337,283.12
30347,283.12
30357,283.12
30367,283.12
30377,313.33
30387,313.33
30398,313.33
30408,313.33
30418,313.33
30428,313.33
30438,313.33
30449,313.33
30459,313.33
30469,313.33
30479,313.33
30489,323.54
30499,323.54
30509,323.54
30519,323.54
30529,323.54
30539,323.54
30549,323.54
30559,323.54
30569,323.54
30579,323.54
30589,323.54
30600,323.54
30609,323.54
30619,323.54
30629,333.75
30639,353.76
30649,353.76
30659,353.76
30670,353.76
30680,353.76
30690,353.76
30700,353.76
30710,353.76
30720,353.76
30730,363.97
30740,363.97
30750,363.97
30760,363.97
30770,363.97
30780,363.97
30790,363.97
30800,363.97
30810,363.97
30820,363.97
30830,363.97
30840,363.97
30850,394.18
30860,394.18
30871,394.18
30881,394.18
30891,394.18
30901,394.18
30911,394.18
30921,394.19
30931,404.39
30942,404.39
30952,404.39
30962,404.39
30972,404.39
30982,404.39
30992,404.39
31002,404.39
31012,404.39
31022,424.4
31032,424.4
31043,424.4
31053,434.61
31063,434.61
31073,434.61
31083,434.61
31093,434.61
31103,434.61
31114,434.61
31124,444.81
31134,444.81
31144,444.81
31154,444.81
31164,444.81
31175,464.82
31185,464.82
31195,464.82
31205,475.03
31215,475.03
31225,475.03
31236,475.03
31246,475.03
31256,475.03
31266,485.24
31276,485.24
31286,485.24
31296,485.24
31307,485.24
31317,505.25
31327,505.25
31337,515.45
31347,515.45
31357,515.45
31367,515.45
31377,515.45
31387,515.45
31397,515.45
31407,525.66
31417,525.66
31427,525.66
31437,525.66
31447,525.66
31457,525.66
31467,545.67
31477,555.87
31487,555.87
31497,555.87
31507,555.87
31517,555.87
31527,555.87
31537,555.87
31547,566.08
31557,566.08
31567,566.08
31578,566.08
31588,566.08
31598,566.08
31608,566.08
31618,596.3
31628,596.3
31638,596.3
31649,596.3
31659,596.3
31669,596.3
31679,596.3
31689,606.5
31699,606.5
31709,606.5
31720,606.5
31730,606.5
31740,606.5
31750,606.5
31760,636.72
31770,636.72
31780,636.72
31790,636.72
31800,636.72
31810,636.72
31820,636.72
31830,646.93
31840,646.93
31850,646.93
31860,646.93
31870,646.93
31880,646.93
31890,646.93
31900,657.13
31910,677.14
31920,677.14
31930,677.14
31940,677.14
31950,677.14
31960,677.14
31970,687.35
31980,687.35
31990,687.35
32000,687.35
32010,707.36
32020,717.57
32030,717.57
32040,717.57
32050,717.57
32061,717.57
32071,717.57
32081,717.57
32091,717.57
32101,727.77
32111,727.77
32122,727.77
32132,727.77
32143,727.77
32153,727.77
32166,729.2
32176,729.2
32186,729.2
32196,729.2
32206,729.2
32216,729.2
32226,729.2
32237,729.2
32247,729.2
32257,729.2
32267,729.2
32277,729.2
32287,729.2
32297,729.2
32307,729.2
32317,729.2
32327,729.2
32337,729.2
32347,759.42
32357,759.42
32368,759.42
32378,759.42
32388,759.42
32398,759.42
32408,759.42
32418,769.63
32428,769.63
32438,769.63
32448,769.63
32458,769.63
32468,769.63
32478,769.63
32488,779.83
32498,779.83
32509,779.83
32519,799.84
32529,799.84
32539,799.84
32549,799.84
32559,810.05
32569,810.05
32580,810.05
32590,810.05
32600,810.05
32610,810.05
32620,820.25
32630,820.25
32640,820.25
32650,820.25
32660,820.25
32670,840.26
32680,840.26
32690,850.47
32700,850.47
32710,850.47
32720,850.47
32730,850.47
32740,850.47
32750,850.47
32760,860.68
32770,860.68
32781,860.68
32791,860.68
32801,860.68
32811,880.69
32821,880.69
32831,890.89
32841,890.89
32852,890.89
32862,890.89
32872,890.89
32882,890.89
32892,890.89
32902,901.1
32912,921.11
32922,921.11
32932,921.11
32942,921.11
32952,921.11
32962,921.11
32972,931.31
32982,931.31
32992,931.31
33002,931.31
33012,931.31
33022,931.31
33032,931.31
33042,941.52
33052,961.53
33062,961.53
33073,961.53
33083,961.53
33093,961.53
33103,961.53
33113,971.74
33123,971.74
33133,971.74
33144,971.74
33154,971.74
33164,971.74
33174,971.74
33184,981.94
33194,981.94
33204,1001.95
33214,1001.95
33224,1001.95
33234,1001.95
33244,1001.95
33254,1012.16
33264,1012.16
33274,1012.16
33284,1012.16
33294,1012.16
33304,1012.16
33314,1012.16
33324,1022.36
33334,1022.36
33344,1022.36
33674,186.16
33684,192.86
33695,192.86
33708,192.86
33718,192.86
33728,192.86
33738,192.86
33748,202.57
33758,202.57
33768,216.98
33778,216.98
33788,216.98
33798,216.98
33808,226.68
33818,226.68
33829,226.68
33839,226.68
33849,226.68
33859,241.09
33869,241.09
33879,250.8
33890,250.8
33900,250.8
33910,250.8
33920,250.8
33930,250.8
33940,250.8
33950,260.5
33960,274.91
33970,274.91
33980,274.91
33990,282.91
34000,292.61
34010,292.61
34021,300.61
34031,315.02
34041,315.02
34051,324.73
34061,324.73
34071,324.73
34081,324.73
34092,324.73
34102,348.84
34112,348.84
34122,348.84
34132,348.84
34142,348.84
34152,358.55
34162,358.55
34172,372.95
34182,372.95
34192,372.95
34202,382.66
34212,382.66
34222,382.66
34233,382.66
34243,397.07
34253,406.77
34263,406.77
34273,406.77
34283,406.77
34294,406.77
34304,416.48
34314,430.89
34324,430.89
34334,430.89
34344,440.59
34354,440.59
34364,440.59
34374,440.59
34384,455.0
34394,464.7
34404,464.7
34414,464.7
34424,464.7
34435,464.7
34445,474.41
34455,474.41
34465,488.82
34475,488.82
34485,488.82
34496,498.52
34506,498.52
34516,498.52
34526,498.52
34536,512.93
34546,522.64
34557,522.64
34567,522.64
34577,522.64
34587,522.64
34597,532.34
34607,532.34
34617,546.75
34628,546.75
34638,546.75
34648,556.45
34658,556.45
34668,556.45
34678,556.45
34689,556.45
34699,566.16
34709,580.57
34719,580.57
34729,580.57
34739,580.57
34749,590.27
34759,590.27
34769,590.27
34779,590.27
34789,604.68
34799,614.39
34809,614.39
34819,614.39
34829,614.39
34839,614.39
34849,638.5
34859,638.5
34869,638.5
34879,638.5
34889,638.5
34899,648.2
34909,648.2
34919,662.61
34929,662.61
34939,662.61
34949,672.32
34959,672.32
34969,672.32
34980,672.32
34990,696.43
35000,696.43
35010,696.43
35020,696.43
35030,696.43
35040,706.14
35051,706.14
35061,720.54
35071,720.54
35081,720.54
35091,730.25
35101,730.25
35111,730.25
35121,730.25
35131,730.25
35141,754.36
35151,754.36
35161,754.36
35171,754.36
35181,754.36
35191,764.07
35201,764.07
35211,764.07
35221,764.07
35231,764.07
35241,778.48
35251,788.18
35261,788.18
35271,788.18
35281,788.18
35292,797.89
35302,797.89
35312,797.89
35322,797.89
35332,797.89
35342,812.29
35352,822.0
35363,822.0
35373,822.0
35383,822.0
35393,822.0
35403,831.7
35413,831.7
35423,831.71
35434,831.71
35444,831.71
35454,841.41
35464,855.82
35474,855.82
35484,855.82
35494,865.52
35504,865.52
35514,865.52
35524,865.52
35534,865.52
35544,875.23
35554,875.23
35564,875.23
35575,875.23
35585,875.23
35595,875.23
35605,875.23
35616,875.23
35626,884.94
35636,899.34
35646,899.34
35656,899.34
35666,899.34
35676,899.34
35686,899.34
35696,899.34
35706,899.34
35716,909.05
35726,909.05
35736,909.05
35746,909.05
35756,909.05
35766,909.05
35776,923.46
35786,923.46
35796,923.46
35806,923.46
35816,933.16
35826,933.16
35836,933.16
35846,933.16
35856,933.16
35866,933.16
35876,947.57
35886,947.57
35896,957.28
35906,957.28
35916,957.28
35926,957.28
35936,957.28
35947,971.68
35957,971.68
35967,981.39
35977,981.39
35987,981.39
35997,981.39
36007,981.39
36018,995.8
36028,1005.5
36038,1005.5
36048,1005.5
36058,1005.5
36068,1005.5
36078,1005.5
36089,1019.91
36099,1029.62
36109,1029.62
36119,1029.62
36129,1029.62
36139,1029.62
36149,1029.62
36159,1044.02
36169,1044.02
36179,1044.02
36189,1053.73
36199,1053.73
36209,1053.73
36219,1053.73
36229,1068.14
36239,1068.14
36249,1068.14
36259,1068.14
36269,1077.84
36279,1077.84
36289,1077.84
36299,1077.84
36309,1092.25
36319,1092.25
36329,1092.25
36339,1092.25
36349,1092.25
36359,1101.96
36369,1101.96
36380,1116.36
36390,1116.36
36400,1116.36
36410,1116.36
36420,1116.36
36430,1116.36
36440,1116.36
36451,1140.48
36461,1140.48
36471,1140.48
36481,1140.48
36491,1140.48
36501,1156.48
36512,1156.48
36522,1156.48
36532,1165.13
36542,1165.13
37490,297.57
37500,324.41
37510,335.52
37520,335.52
37530,335.52
37540,335.52
37550,335.52
37560,335.52
37570,335.52
37580,335.52
37591,335.52
37601,335.52
37611,335.52
37621,335.52
37635,335.52
37647,335.52
37657,335.52
37667,335.52
37677,335.52
37687,335.52
37698,335.52
37708,335.52
37718,335.52
37728,335.52
37738,335.52
37748,361.16
37759,361.16
37769,361.16
37779,361.16
37789,373.95
37799,373.95
37809,373.95
37819,383.59
37829,383.59
37839,383.59
37851,383.59
37861,383.59
37871,383.59
37881,406.02
37891,406.02
37901,406.02
37911,406.02
37921,406.02
37931,406.02
37944,406.02
37954,415.66
37964,415.66
37974,428.45
37984,428.45
37994,428.45
38004,438.09
38014,438.09
38024,438.09
38034,438.09
38044,438.09
38054,438.09
38064,438.09
38074,456.21
38080,456.21,persist,memory,133332096
38084,456.21
38094,456.21
38104,456.21
38114,456.21
38125,469.02
38135,469.02
38145,469.02
38155,469.02
38165,469.02
38175,469.02
38185,469.02
38195,469.02
38205,469.02
38215,469.02
38225,469.02
38235,477.49
38245,477.49
38250,477.49,persist,memory,133332112
38255,477.49
38266,477.49
38276,477.49
38286,477.49
38296,477.49
38308,477.5
38319,477.5
38329,477.5
38339,477.5
38349,477.5
38366,477.5
38376,477.5
38386,479.32
38396,479.32
38407,479.32
38417,479.32
38428,479.32
38438,481.14
38448,481.14
38458,481.14
38468,481.14
38478,481.14
38488,481.14
38498,481.14
38510,481.14
38520,481.14
38530,481.14
38540,490.78
38551,490.78
38561,510.79
38571,510.79
38581,510.79
38591,510.79
38601,510.79
38611,510.79
38622,512.61
38632,514.43
38642,514.43
38652,514.43
38662,514.43
38672,514.43
38685,516.25
38696,518.07
38706,518.07
38716,518.07
38726,518.07
38736,540.5
38746,540.5
38756,540.5
38766,540.5
38776,550.13
38786,550.13
38796,560.34
38806,560.34
38816,573.13
38826,582.77
38836,582.77
38846,582.77
38856,582.77
38866,592.41
38876,592.41
38886,592.41
38896,605.2
38906,614.84
38916,614.84
38926,614.84
38936,614.84
38946,624.48
38956,624.48
38967,624.48
38977,637.27
38987,646.91
38997,646.91
39007,646.91
39017,646.91
39027,646.91
39037,656.54
39047,656.54
39057,669.34
39067,669.34
39080,669.34
39090,669.34
39100,678.97
39110,678.98
39121,691.77
39131,691.77
39141,691.77
39151,701.41
39161,701.41
39171,701.41
39181,701.41
39191,714.2
39201,723.84
39211,723.84
39221,723.84
39231,723.84
39241,733.47
39251,733.47
39261,746.27
39271,746.27
39281,755.9
39291,755.9
39301,755.91
39311,755.91
39322,765.54
39332,778.34
39342,778.34
39352,778.34
39362,787.97
39372,787.97
39382,787.97
39393,787.97
39403,810.4
39413,810.4
39423,810.4
39433,810.4
39443,820.04
39453,820.04
39464,820.04
39474,832.84
39484,842.47
39494,842.47
39504,842.47
39514,842.47
39524,842.47
39534,842.47
39544,842.47
39554,842.47
39564,842.47
39574,855.27
39584,855.27
39594,855.27
39604,864.9
39615,864.9
39625,864.9
39635,864.9
39645,864.9
39655,864.9
39665,864.9
39675,864.9
39685,864.9
39695,864.9
39706,864.9
39716,864.9
39726,864.9
39736,864.9
39746,864.9
39756,864.9
39766,864.9
39777,874.54
39787,874.54
39797,874.54
39807,874.54
39817,874.54
39827,874.54
39838,887.34
39848,887.34
39858,887.34
39868,887.34
39878,887.34
39888,900.13
39898,900.13
39908,900.13
39918,909.77
39928,909.77
39939,909.77
39949,922.56
39959,922.56
39969,932.2
39980,932.2
39989,932.2
39999,932.2
40009,932.2
40019,954.63
40029,954.63
40039,954.63
40049,954.63
40059,954.63
40069,964.27
40079,977.06
40089,977.06
40099,977.06
40109,977.06
40119,986.7
40129,986.7
40139,999.49
40149,999.49
40159,999.49
40169,1009.13
40179,1009.13
40189,1009.13
40200,1021.92
40210,1021.92
40220,1031.56
40230,1031.56
40240,1031.56
40250,1031.56
40260,1044.35
40270,1053.99
40280,1053.99
40290,1053.99
40300,1053.99
40310,1063.63
40320,1076.42
40330,1076.42
40341,1076.42
40351,1086.06
40361,1086.06
40371,1086.06
40381,1098.85
40391,1098.85
40401,1108.49
40412,1108.49
40422,1108.49
40432,1108.49
40442,1121.28
40452,1130.92
40462,1130.92
40473,1130.92
40483,1130.92
40493,1140.56
40503,1153.35
40513,1153.35
40523,1153.35
40533,1153.35
40544,1162.99
40553,1162.99
40563,1175.78
40573,1175.78
40583,1185.42
40593,1185.42
40603,1185.42
40613,1185.42
40623,1198.21
40633,1207.85
40643,1207.85
40653,1207.85
40664,1207.85
40674,1217.49
40684,1230.28
40694,1230.28
40704,1230.28
40714,1230.28
40724,1239.92
40734,1239.92
40744,1252.71
40754,1252.71
40765,1252.71
40775,1262.35
40785,1262.35
40795,1262.35
40805,1275.14
40815,1275.14
40826,1275.14
40836,1275.14
40848,1284.78
40858,1284.78
40868,1284.78
40878,1286.96
41198,314.38
41203,345.54,task,end,5,4,1625,0,0
41209,351.33
41219,352.25
41229,352.25
41239,352.25
41249,354.11
41259,354.11
41266,354.11,task,end,8,4,1625,0,0
41269,354.11
41280,354.11
41290,354.11
41300,354.11
41310,354.11
41320,354.11
41331,354.11
41341,354.11
41351,354.11
41361,354.11
41372,354.11
41381,354.11
41391,354.11
41401,354.11
41411,354.11
41421,354.11
41431,354.11
41441,354.11
41451,354.11
41461,354.11
41471,354.11
41481,354.11
41491,354.11
41501,354.11
41511,354.11
41522,354.11
41532,354.11
41542,354.11
41552,354.11
41562,354.11
41572,354.11
41582,354.11
41592,354.11
41602,354.11
41612,354.11
41622,354.11
41632,354.11
41642,354.11
41652,354.11
41662,354.11
41672,354.11
41682,354.11
41692,354.11
41702,354.11
41712,354.11
41722,354.11
41732,354.11
41742,354.11
41752,354.11
41762,354.11
41772,354.11
41782,354.11
41792,354.11
41802,354.11
41812,354.11
41822,354.12
41832,354.12
41842,354.12
41853,354.12
41863,354.12
41873,354.12
41883,354.12
41893,354.12
41904,354.12
41914,354.12
41924,354.12
41934,354.12
41944,354.12
41954,354.12
41965,354.12
41975,354.12
41985,354.12
41995,354.12
42005,354.12
42015,354.12
42025,354.12
42036,354.12
42046,354.12
42056,354.12
42066,354.12
42076,354.12
42087,354.12
42097,354.12
42107,354.12
42117,354.12
42127,354.12
42137,354.12
42148,354.12
42158,354.12
42168,354.12
42178,354.12
42188,354.12
42198,354.12
42208,354.12
42219,354.12
42229,354.12
42239,354.12
42249,354.12
42259,354.12
42269,354.12
42279,354.12
42289,354.12
42299,354.12
42309,354.12
42319,354.12
42329,354.12
42339,354.12
42349,354.12
42359,354.12
42369,354.12
42379,354.12
42389,354.12
42399,354.12
42410,354.12
42420,354.12
42430,354.12
42440,354.12
42450,354.12
42460,354.12
42471,354.12
42481,354.12
42491,354.12
42501,354.12
42511,354.12
42521,354.12
42531,354.12
42542,354.12
42552,354.12
42562,354.12
42572,354.12
42582,354.12
42592,354.12
42603,354.12
42613,354.12
42623,354.12
42633,354.12
42643,354.12
42653,354.12
42664,354.12
42674,354.12
42684,354.12
42694,354.12
42704,354.12
42714,354.12
42724,354.12
42734,354.12
42744,354.12
42754,354.12
42764,354.12
42774,354.12
42785,354.12
42795,354.12
42805,354.12
42815,354.12
42825,354.12
42835,354.12
42846,354.12
42856,354.12
42866,354.12
42876,354.12
42886,354.12
42896,354.12
42906,354.12
42917,354.12
42927,354.12
42937,354.12
42947,354.12
42957,354.12
42967,354.12
42978,354.12
42988,354.13
42998,354.13
43008,354.13
43018,354.13
43028,354.13
43038,354.13
43048,354.13
43058,354.13
43068,354.13
43078,354.13
43088,354.13
43098,354.13
43108,354.13
43118,354.13
43128,354.13
43138,354.13
43148,354.13
43158,354.13
43169,354.13
43179,354.13
43189,354.13
43199,354.13
43209,354.13
43220,354.13
43230,354.13
43240,354.13
43250,354.13
43261,354.13
43271,354.13
43281,354.13
43291,354.13
43301,354.13
43311,354.13
43321,354.13
43331,354.13
43341,354.13
43351,354.13
43361,354.13
43371,354.13
43381,354.13
43392,354.13
43402,354.13
43412,354.13
43422,354.13
43432,354.13
43442,354.13
43452,354.13
43462,354.13
43472,354.13
43482,354.13
43492,354.13
43502,354.13
43513,354.13
43523,354.13
43533,354.13
43543,354.13
43553,354.13
43563,354.13
43574,354.13
43584,354.13
43594,354.13
43604,354.13
43614,354.13
43624,354.13
43634,354.13
43644,354.13
43654,354.13
43664,354.13
43674,354.13
43684,354.13
43694,354.13
43705,354.13
43715,354.13
43725,354.13
43735,354.13
43745,354.13
43755,354.13
43765,354.13
43775,354.13
43785,354.13
43795,354.13
43805,354.13
43815,354.13
43825,354.13
43835,354.13
43845,354.13
43855,354.13
43865,354.13
43876,354.13
43886,354.13
43896,354.13
43906,354.13
43916,354.13
43926,354.13
43937,354.13
43948,354.13
43958,354.13
43968,354.13
43978,354.13
43988,354.13
43998,354.13
44008,354.13
44018,354.13
44028,354.13
44038,354.13
44048,354.13
44058,354.13
44068,354.13
44078,354.13
44088,354.13
44098,354.13
44108,354.13
44118,354.13
44128,354.13
44138,354.13
44148,354.13
44159,354.14
44168,354.14
44178,354.14
44188,354.14
44199,354.14
44209,354.14
44219,354.14
44229,354.14
44239,354.14
44250,354.14
44260,354.14
44270,354.14
44280,354.14
44290,354.14
44301,354.14
44311,354.14
44321,354.14
44332,354.14
44342,354.14
44352,354.14
44362,354.14
44372,354.14
44383,354.14
44392,354.14
44402,354.14
44412,354.14
44422,354.14
44432,354.14
44443,354.14
44453,354.14
44463,354.14
44473,354.14
44483,354.14
44494,354.14
44504,354.14
44514,354.14
44525,354.14
44534,354.14
44544,354.14
44554,354.14
44564,354.14
44574,354.14
44584,354.14
44595,354.14
44605,354.14
44615,354.14
44625,354.14
44635,354.14
44645,354.14
44655,354.14
44665,354.14
44675,354.14
44685,354.14
44695,354.14
44705,354.14
44715,354.14
44725,354.14
44735,354.14
44745,354.14
44755,354.14
44766,354.14
44776,354.14
44786,354.14
44796,354.14
44806,354.14
44816,354.14
44826,354.14
44836,354.14
44846,354.14
44856,354.14
44866,354.14
44876,354.14
44886,354.14
44896,354.14
44906,354.14
44916,354.14
44926,354.14
44937,354.14
44947,354.14
44957,354.14
44967,354.14
44977,354.14
44987,354.14
44997,354.14
45008,354.14
45018,354.14
45028,354.14
45038,354.14
45048,354.14
45058,354.14
45068,354.14
45078,354.14
45088,354.14
45098,354.14
45108,354.14
45118,354.14
45128,354.14
45139,354.14
45149,354.14
45159,354.14
45169,354.14
45180,354.14
45190,354.14
45200,354.14
45210,354.14
45220,354.14
45231,354.14
45241,354.14
45251,354.14
45262,354.14
45272,354.14
45282,354.14
45292,354.14
45302,354.14
45312,354.14
45324,354.15
45334,354.15
45344,354.15
45354,354.15
45364,354.15
45374,354.15
45384,354.15
45394,354.15
45404,354.15
45414,354.15
45424,354.15
45435,354.15
45445,354.15
45455,354.15
45465,354.15
45476,354.15
45486,354.15
45496,354.15
45506,354.15
45517,354.15
45527,354.15
45537,354.15
45547,354.15
45557,354.15
45567,354.15
45577,354.15
45587,354.15
45597,354.15
45607,354.15
45617,354.15
45627,354.15
45637,354.15
45647,354.15
45657,354.15
45667,354.15
45677,354.15
45687,354.15
45697,354.15
45707,354.15
45718,354.15
45728,354.15
45738,354.15
45748,354.15
45758,354.15
45768,354.15
45778,354.15
45788,354.15
45798,354.15
45808,354.15
45818,354.15
45828,354.15
45838,354.15
45848,354.15
45859,354.15
45869,354.15
45879,354.15
45889,354.15
45899,354.15
45909,354.15
45919,354.15
45930,354.15
45940,354.15
45950,354.15
45960,354.15
45970,354.15
45980,354.15
45990,354.15
46001,354.15
46011,354.15
46021,354.15
46031,354.15
46041,354.15
46051,354.15
46061,354.15
46071,354.15
46081,354.15
46091,354.15
46101,354.15
46111,354.15
46122,354.15
46132,354.15
46142,354.15
46152,354.15
46162,354.15
46172,354.15
46183,354.15
46193,354.15
46203,354.15
46213,354.15
46223,354.15
46233,354.15
46243,354.15
46253,354.15
46263,354.15
46273,354.15
46283,354.15
46293,354.15
46303,354.15
46314,354.15
46324,354.15
46334,354.15
46344,354.15
46354,354.15
46364,354.15
46375,354.15
46385,354.15
46395,354.15
46405,354.15
46415,354.15
46425,354.15
46435,354.15
46446,354.15
46456,354.15
46466,354.15
46476,354.15
46486,354.16
46497,354.16
46507,354.16
46517,354.16
46527,354.16
46537,354.16
46547,354.16
46557,354.16
46568,354.16
46578,354.16
46588,354.16
46598,354.16
46608,354.16
46618,354.16
46629,354.16
46639,354.16
46649,354.16
46659,354.16
46669,354.16
46679,354.16
46689,354.16
46699,354.16
46709,354.16
46719,354.16
46730,354.16
46740,354.16
46750,354.16
46760,354.16
46770,354.16
46780,354.16
46790,354.16
46800,354.16
46810,354.16
46820,354.16
46830,354.16
46840,354.16
46851,354.16
46861,354.16
46871,354.16
46881,354.16
46891,354.16
46901,354.16
46911,354.16
46922,354.16
46932,354.16
46942,354.16
46952,354.16
46962,354.16
46972,354.16
46982,354.16
46993,354.16
47003,354.16
47013,354.16
47023,354.16
47033,354.16
47043,354.16
47053,354.16
47064,354.16
47074,354.16
47084,354.16
47094,354.16
47104,354.16
47114,354.16
47124,354.16
47134,354.16
47144,354.16
47154,354.16
47164,354.16
47174,354.16
47184,354.16
47195,354.16
47205,354.16
47215,354.16
47225,354.16
47235,354.16
47245,354.16
47255,354.16
47266,354.16
47276,354.16
47286,354.16
47296,354.16
47306,354.16
47316,354.16
47327,358.57
47337,362.97
47347,362.97
47357,362.97
47367,362.97
47378,362.97
47388,362.97
47398,362.97
47408,362.97
47418,362.97
47428,362.97
47438,362.97
47448,362.97
47458,362.97
47468,362.97
47478,362.97
47488,362.97
47498,362.97
47508,362.97
47518,362.97
47528,362.97
47538,362.97
47548,362.97
47558,362.97
47568,362.97
47578,362.97
47589,362.97
47599,362.98
47609,362.98
47619,362.98
47629,362.98
47639,362.98
47649,362.98
47659,362.98
47669,362.98
47679,362.98
47689,362.98
47699,362.98
47709,362.98
47719,362.98
47729,362.98
47739,362.98
47749,362.98
47759,362.98
47769,362.98
47779,362.98
47789,362.98
47799,362.98
47809,362.98
47819,362.98
47829,362.98
47839,362.98
47849,362.98
47859,362.98
47869,362.98
47879,362.98
47889,362.98
47899,362.98
47909,362.98
47920,362.98
47930,362.98
47940,362.98
47950,362.98
47960,362.98
47970,362.98
47981,362.98
47991,362.98
48001,362.98
48011,362.98
48021,362.98
48031,362.98
48041,362.98
48051,362.98
48061,362.98
48071,362.98
48081,362.98
48091,362.98
48102,362.98
48112,362.98
48122,362.98
48132,362.98
48142,362.98
48152,362.98
48162,362.98
48172,362.98
48182,362.98
48192,362.98
48204,362.98
48214,362.98
48224,362.98
48235,362.98
48245,362.98
48255,362.98
48265,362.98
48275,362.98
48285,362.98
48295,362.98
48305,362.98
48315,362.98
48325,362.98
48335,362.98
48345,362.98
48355,362.98
48365,362.98
48375,362.98
48385,362.98
48395,362.98
48405,362.98
48415,362.98
48425,362.98
48436,362.98
48446,362.98
48456,362.98
48466,362.98
48476,362.98
48486,362.98
48496,362.98
48508,362.98
48518,362.98
48528,362.98
48538,362.98
48548,362.98
48558,362.98
48568,362.98
48578,362.98
48588,362.98
48598,362.98
48608,362.98
48618,362.98
48628,362.98
48638,362.98
48648,362.98
48658,362.98
48668,362.98
48678,362.98
48688,362.98
48698,362.98
48709,362.98
48719,362.98
48729,362.98
48739,362.98
48749,362.98
48759,362.99
48770,362.99
48780,362.99
48790,362.99
48800,362.99
48810,362.99
48820,362.99
48831,362.99
48840,362.99
48850,362.99
48860,362.99
48870,362.99
48880,362.99
48890,362.99
48901,362.99
48911,362.99
48921,362.99
48931,362.99
48941,362.99
48951,362.99
48961,362.99
48971,362.99
48981,362.99
48991,362.99
49001,362.99
49011,362.99
49021,362.99
49031,362.99
49041,362.99
49051,362.99
49061,362.99
49071,362.99
49081,362.99
49091,362.99
49101,362.99
49111,362.99
49121,362.99
49131,362.99
49141,362.99
49151,362.99
49161,362.99
49171,362.99
49181,362.99
49191,362.99
49201,362.99
49211,362.99
49221,362.99
49231,362.99
49241,362.99
49251,362.99
49261,362.99
49271,362.99
49281,362.99
49291,362.99
49301,362.99
49312,362.99
49322,362.99
49332,362.99
49342,362.99
49352,362.99
49363,362.99
49373,362.99
49383,362.99
49393,362.99
49403,362.99
49413,362.99
49423,362.99
49434,362.99
49444,362.99
49454,362.99
49464,362.99
49474,362.99
49484,362.99
49494,362.99
49505,362.99
49515,362.99
49525,362.99
49535,362.99
49545,362.99
49555,362.99
49565,362.99
49576,362.99
49588,362.99
49597,362.99
49607,362.99
49617,362.99
49627,362.99
49637,362.99
49647,362.99
49657,362.99
49667,362.99
49677,362.99
49687,362.99
49697,362.99
49707,362.99
49717,362.99
49728,362.99
49738,362.99
49748,362.99
49758,362.99
49768,362.99
49778,362.99
49788,362.99
49799,362.99
49809,362.99
49819,362.99
49829,362.99
49839,362.99
49849,362.99
49859,362.99
49870,362.99
49880,362.99
49890,362.99
49900,362.99
49910,362.99
49920,363.0
49930,363.0
49940,363.0
49955,363.0
49964,363.0
49974,363.0
49984,363.0
49994,363.0
50004,363.0
50014,363.0
50024,363.0
50034,363.0
50044,363.0
50054,363.0
50064,363.0
50074,363.0
50084,363.0
50094,363.0
50104,363.0
50114,363.0
50124,363.0
50134,363.0
50144,363.0
50155,363.0
50165,363.0
50175,363.0
50185,363.0
50195,363.0
50205,363.0
50215,363.0
50226,363.0
50236,363.0
50246,363.0
50256,363.0
50267,363.0
50277,363.0
50287,363.0
50297,363.0
50307,363.0
50317,363.0
50327,363.0
50337,363.0
50347,363.0
50357,363.0
50367,363.0
50377,363.0
50387,363.0
50398,363.0
50408,363.0
50418,363.0
50428,363.0
50438,363.0
50448,363.0
50458,363.0
50468,363.0
50478,363.0
50488,363.0
50498,363.0
50508,363.0
50518,363.0
50528,363.0
50539,363.0
50549,363.0
50559,363.0
50569,363.0
50579,363.0
50589,363.0
50599,363.0
50610,363.0
50620,363.0
50630,363.0
50640,363.0
50650,363.0
50660,363.0
50671,363.0
50681,363.0
50691,363.0
50701,363.0
50711,363.0
50721,363.0
50731,363.0
50741,363.0
50751,363.0
50761,363.0
50771,363.0
50781,363.0
50791,363.0
50802,363.0
50812,363.0
50822,363.0
50832,363.0
50842,363.0
50852,363.0
50862,363.0
50873,363.0
50883,363.0
50893,363.0
50903,363.0
50913,363.0
50923,363.0
50933,363.0
50943,363.0
50953,363.0
50963,363.0
50973,363.0
50983,363.0
50993,363.0
51004,363.0
51014,363.0
51024,363.0
51034,363.0
51044,363.0
51054,363.0
51064,363.0
51074,363.0
51084,363.0
51094,363.01
51104,363.01
51114,363.01
51124,363.01
51134,363.01
51144,363.01
51154,363.01
51164,363.01
51174,373.21
51371,373.21
51381,373.21
51391,373.21
51401,373.21
51412,373.21
51422,373.21
51432,373.21
51442,373.21
51452,373.21
51462,373.21
51472,373.21
51482,373.21
51492,373.21
51502,373.21
51512,373.21
51522,373.21
51532,373.21
51542,373.21
51552,373.21
51562,373.21
51572,373.21
51582,373.21
51592,373.21
51603,373.21
51613,373.21
51623,373.21
51633,373.21
51643,373.21
51653,373.21
51663,373.21
51674,373.21
51684,373.21
51694,373.21
51704,373.21
51714,373.21
51725,373.22
51735,373.22
51745,373.22
51755,373.22
51765,373.22
51775,373.22
51785,373.22
51795,373.22
51805,373.22
51815,373.22
51825,373.22
51835,373.22
51846,373.22
51856,373.22
51866,373.22
51876,373.22
51886,373.22
51896,373.22
51906,373.22
51917,373.22
51927,373.22
51937,373.22
51947,373.22
51957,373.22
51967,373.22
51978,373.22
51988,373.22
51998,373.22
52008,373.22
52018,373.22
52028,373.22
52038,373.22
52049,373.22
52059,373.22
52069,373.22
52079,373.22
52089,373.22
52099,373.22
52110,373.22
52120,373.22
52130,373.22
52142,387.87
52152,398.8
52164,410.83
52175,473.91
52190,480.61
