265,18.06
539,23.24
550,23.24
559,23.24
569,23.24
579,23.25
589,23.25
599,23.25
610,25.83
620,25.83
630,25.83
640,25.83
650,25.83
661,25.83
671,25.83
681,28.41
691,28.41
701,28.41
712,28.41
722,28.41
732,28.41
742,28.41
752,30.99
762,30.99
773,30.99
783,30.99
793,30.99
803,30.99
813,30.99
824,30.99
834,33.58
844,33.58
854,33.58
864,33.58
874,33.58
884,33.58
894,33.58
904,36.17
914,36.17
924,36.17
934,36.17
945,36.17
955,36.17
965,38.76
975,38.76
985,38.76
995,38.76
1005,38.76
1016,38.76
1026,41.34
1036,41.34
1046,41.34
1056,41.34
1067,41.34
1077,41.34
1087,41.34
1097,43.92
1107,43.92
1117,43.92
1127,43.92
1137,43.92
1147,43.92
1157,43.92
1167,43.92
1177,43.92
1187,46.5
1197,46.5
1207,46.5
1217,46.5
1227,46.5
1237,46.5
1247,49.08
1258,49.08
1267,49.08
1277,49.08
1287,49.08
1297,49.08
1307,49.08
1317,49.08
1328,51.66
1338,51.66
1348,51.66
1358,51.66
1368,51.66
1378,51.66
1388,51.66
1398,54.25
1408,54.25
1418,54.25
1428,54.25
1438,54.25
1448,56.83
1459,56.83
1469,56.83
1479,56.83
1489,56.83
1499,56.83
1509,56.83
1520,56.83
1530,56.83
1540,56.83
1550,56.83
1560,56.83
1570,56.83
1581,56.83
1591,59.44
1601,59.44
1611,59.44
1621,59.44
1631,59.44
1642,59.44
1652,59.44
1662,59.44
1672,62.02
1682,62.02
1692,62.02
1702,62.02
1712,62.02
1722,62.02
1732,64.6
1742,64.6
1752,64.6
1763,64.6
1773,64.6
1783,64.6
1793,67.18
1803,67.18
1813,67.18
1824,67.18
1833,67.18
1843,67.18
1853,67.18
1863,67.18
1873,69.76
1883,69.76
1894,69.76
1904,69.76
1914,69.76
1924,69.76
1934,69.76
1944,69.76
1955,69.76
1965,69.76
1975,69.76
1985,69.76
1995,69.77
2005,69.77
2016,69.77
2026,72.35
2036,72.35
2046,72.35
2056,72.35
2066,72.35
2077,72.35
2087,72.35
2097,72.35
2107,72.35
2118,74.93
2128,74.93
2138,74.93
2148,74.93
2158,74.93
2168,74.93
2178,74.93
2188,77.52
2198,77.52
2208,77.52
2218,77.52
2228,77.52
2241,77.52
2251,80.1
2261,80.1
2271,80.1
2281,80.1
2291,80.1
2301,80.1
2311,80.1
2321,82.69
2331,82.69
2341,82.69
2351,82.69
2361,82.69
2371,82.69
2381,82.69
2391,82.69
2401,85.28
2411,85.28
2421,85.28
2431,85.28
2441,85.28
2452,85.28
2462,87.86
2472,90.47
2482,95.69
2492,98.3
2504,100.91
2514,100.91
2524,100.91
2534,100.91
2544,103.49
2554,103.49
2564,103.49
2574,108.7
2584,108.7
2594,108.7
2604,108.7
2614,108.7
2625,111.31
2635,111.31
2645,111.31
2655,111.31
2665,111.31
2675,111.31
2686,111.31
2696,111.31
2706,111.31
2716,111.31
2726,113.89
2736,116.47
2747,119.05
2757,119.05
2767,121.63
2777,129.0
2812,14.55
2822,17.21
2832,17.21
2842,17.21
2852,18.74
2862,18.74
2872,18.74
2882,20.08
2894,20.08
2904,20.08
2914,22.74
2924,22.74
2934,22.74
2945,24.06
2955,25.37
2965,25.37
2975,26.69
2985,28.75
2995,30.07
3006,30.07
3016,30.07
3026,30.07
3036,30.07
3046,32.14
3056,32.14
3066,32.14
3076,32.14
3086,34.21
3096,34.21
3106,34.21
3116,34.21
3126,34.21
3137,34.21
3146,34.21
3156,34.21
3166,34.21
3176,34.21
3186,36.27
3197,36.27
3207,36.27
3217,36.27
3227,36.27
3237,38.34
3247,38.34
3258,38.34
3268,38.34
3278,38.34
3288,38.34
3298,40.42
3308,40.65
3318,40.65
3329,40.65
3339,40.65
3349,42.73
3359,42.73
3369,42.73
3379,42.73
3389,44.79
3399,44.79
3409,44.79
3419,44.79
3431,44.79
3441,46.85
3451,46.85
3461,46.85
3471,46.85
3481,46.85
3491,46.86
3502,48.92
3512,48.92
3522,48.92
3532,48.92
3542,48.92
3552,48.92
3562,48.92
3572,51.45
3582,51.45
3592,51.45
3602,51.45
3612,52.77
3622,52.77
3632,52.77
3642,52.77
3652,52.77
3662,52.77
3672,54.86
3684,55.09
3694,55.09
3704,55.09
3714,55.09
3724,57.16
3734,57.16
3744,57.16
3754,57.39
3764,57.39
3774,62.1
3784,62.1
3794,62.1
3804,62.1
3814,63.44
3824,63.44
3834,63.44
3844,64.76
3854,64.76
3864,64.76
3874,66.11
3885,66.11
3895,70.3
3905,70.3
3915,70.3
3925,70.3
3935,70.3
3945,70.3
3955,71.64
3965,71.87
3975,71.87
3985,71.87
3995,75.78
4005,75.78
4016,75.79
4026,75.79
4036,75.79
4046,77.18
4056,77.18
4066,78.5
4076,78.5
4086,78.5
4096,79.83
4106,79.83
4120,79.83
4130,81.17
4140,81.17
4150,81.17
4160,81.17
4170,81.17
4181,81.17
4191,81.17
4201,81.17
4211,81.17
4221,81.17
4232,81.17
4242,81.4
4252,81.4
4262,83.47
4272,83.47
4283,83.47
4293,83.47
4303,85.53
4313,85.53
4323,85.53
4333,87.6
4343,87.6
4354,87.83
4364,87.83
4374,87.83
4384,89.9
4394,90.13
4404,90.13
4414,91.46
4424,91.46
4434,93.52
4444,93.52
4454,95.62
4464,95.62
4474,95.62
4485,95.62
4495,97.69
4505,97.69
4515,97.69
4525,99.76
4535,99.76
4545,99.76
4555,99.76
4565,101.84
4575,101.84
4585,101.84
4595,103.9
4606,103.9
4616,103.9
4626,105.96
4636,105.96
4646,105.96
4656,105.96
4666,105.96
4677,108.13
4687,108.13
4697,108.13
4707,108.13
4717,108.13
4727,110.2
4740,110.2
4750,110.2
4760,110.2
4770,110.2
4780,110.2
4790,112.28
4801,112.75
4811,112.98
4821,112.98
4831,113.22
4841,113.22
4851,113.45
4861,115.75
4871,115.75
4881,115.75
4891,115.99
4901,116.23
4911,116.47
4921,116.47
4932,116.7
4942,116.93
4952,119.01
4962,119.24
4972,119.48
4982,119.48
4992,119.48
5003,119.71
5013,119.71
5023,119.95
5033,122.01
5043,122.01
5053,122.01
5063,122.01
5074,124.08
5084,124.09
5094,124.09
5104,124.09
5114,124.09
5124,124.09
5134,126.15
5144,126.15
5154,126.15
5164,126.15
5174,126.15
5184,128.28
5194,128.28
5205,128.28
5215,128.28
5225,128.28
5235,128.28
5245,128.28
5255,128.28
5265,130.35
5275,130.35
5285,130.35
5295,130.35
5305,130.35
5315,130.35
5325,130.35
5336,130.35
5346,132.42
5356,132.42
5366,132.42
5376,132.42
5386,132.42
5396,132.42
5406,134.49
5416,134.5
5426,134.5
5436,134.5
5446,134.5
5456,134.5
5467,136.57
5476,136.57
5486,136.57
5496,136.57
5506,136.57
5516,136.57
5526,136.57
5536,136.57
5546,138.64
5556,138.64
5566,138.64
5576,138.64
5586,138.64
5596,138.64,persist,memory,34512
5596,138.64
5606,138.64
5616,138.64
5626,138.64
5676,24.54
5687,26.46
5685,26.46,persist,memory,3818
5697,27.34
5707,27.34
5717,27.34
5728,27.34
5738,27.34
5748,27.34
5758,29.26
5768,29.26
5778,29.26
5789,29.26
5799,29.26
5811,31.19
5821,31.19
5831,31.19
5841,31.19
5851,31.19
5861,31.19
5871,31.19
5881,33.12
5891,33.12
5901,33.12
5911,33.12
5921,33.12
5931,35.04
5941,35.04
5951,35.04
5961,35.04
5971,35.9
5981,35.9
5991,35.91
6001,35.91
6012,35.91
6022,35.91
6032,35.91
6042,37.83
6052,37.83
6062,37.83
6072,37.83
6082,37.83
6092,37.83
6102,37.83
6112,37.83
6122,37.83
6132,39.81
6142,39.81
6152,39.99
6162,39.99
6172,39.99
6182,39.99
6192,39.99
6203,39.99
6213,39.99
6223,39.99
6233,41.91
6243,41.91
6253,41.91
6263,41.91
6273,41.91
6283,41.91
6293,43.84
6303,43.84
6313,43.84
6323,43.84
6334,45.76
6344,45.76
6354,45.76
6364,45.76
6377,47.68
6387,47.68
6397,47.68
6407,47.68
6424,47.68
6434,47.68
6444,49.61
6454,49.61
6464,49.61
6474,49.61
6484,49.61
6494,49.61
6504,49.61
6514,51.53
6527,51.53
6537,51.53
6547,51.53
6558,51.53
6568,51.53
6578,51.53
6588,51.53
6598,53.45
6608,53.45
6618,53.45
6628,53.45
6638,55.37
6648,55.37
6658,55.37
6668,55.37
6678,55.37
6691,55.37
6701,55.37
6711,55.38
6721,55.38
6731,55.38
6742,55.38
6752,55.38
6762,55.38
6772,55.38
6782,55.38
6792,55.38
6802,55.38
6813,57.3
6823,57.3
6833,57.3
6843,57.3
6853,57.3
6863,57.3
6873,57.3
6884,57.3
6894,57.3
6904,57.3
6914,57.3
6924,57.3
6934,59.26
6944,59.26
6954,59.26
6964,59.26
6974,59.26
6984,59.27
6994,59.27
7004,59.27
7015,59.27
7025,59.27
7035,61.19
7045,61.19
7055,61.19
7065,61.19
7076,61.19
7086,61.19
7096,61.19
7106,61.19
7116,61.19
7126,61.19
7136,61.19
7146,61.19
7156,61.19
7166,61.19
7176,61.19
7186,61.19
7196,61.19
7206,61.19
7216,61.19
7226,61.19
7236,61.19
7246,61.19
7256,61.19
7266,61.19
7276,61.19
7286,61.19
7296,61.19
7306,61.19
7316,61.19
7326,61.19
7336,61.19
7346,61.19
7356,61.19
7366,61.19
7376,61.19
7386,65.26
7396,65.26
7407,65.26
7417,65.26
7427,67.0
7437,68.31
7447,68.31
7457,68.31
7467,68.31
7478,69.63
7488,69.63
7498,69.63
7508,69.63
7518,69.63
7528,69.63
7538,69.63
7551,69.63
7561,69.63
7571,71.55
7581,71.55
7591,71.55
7601,71.55
7612,71.55
7623,71.55
7633,73.48
7643,73.48
7653,75.4
7663,75.4
7673,75.4
7683,77.32
7694,77.56
7704,77.79
7714,78.03
7726,78.26
7729,79.24,job,start,0
7736,79.78
7746,79.78
7756,80.17
7757,80.17,stage,start
7766,80.17
7776,80.71
7786,81.09
7796,81.25
7799,82.33,persist,memory,3912
7806,86.33
7809,86.33,persist,memory,2274
7816,86.72
7827,86.89
7837,87.14
7848,87.63
7858,89.3
7868,89.89
7878,90.1
7889,90.33
7899,90.63
7909,90.79
7920,91.09
7930,91.09
7940,91.09
7950,91.09
7960,91.09
7970,91.09
7980,91.09
7990,91.09
8000,91.09
8010,91.09
8020,91.09
8030,91.09
8040,91.09
8050,91.09
8060,91.09
8070,91.09
8080,91.09
8090,91.09
8100,91.09
8110,91.09
8120,91.09
8131,91.09
8141,91.09
8151,91.09
8161,91.09
8171,91.09
8181,91.09
8191,91.09
8201,91.09
8211,91.09
8221,91.09
8231,91.09
8241,91.09
8251,91.09
8261,91.09
8271,91.09
8281,91.09
8291,91.09
8301,91.09
8311,91.09
8321,91.09
8332,91.09
8342,91.09
8352,91.09
8362,91.09
8372,91.09
8382,91.09
8392,92.04
8403,92.04
8415,92.35
8425,92.35
8433,93.46,task,start,0,0,0.0
8435,93.46
8435,93.46,task,start,0,0,1.0
8445,93.76
8446,93.76,task,start,0,0,2.0
8448,93.92,task,start,0,0,3.0
8455,93.92
8465,94.07
8475,94.07
8485,94.07
8495,94.07
8505,94.07
8515,94.07
8525,94.07
8535,94.07
8545,94.07
8555,94.07
8565,94.07
8575,94.07
8585,94.07
8595,94.07
8605,94.07
8616,94.07
8625,94.07
8635,94.07
8645,94.07
8655,94.07
8665,94.07
8675,94.07
8685,94.07
8695,94.07
8705,94.07
8715,94.07
8725,94.07
8735,94.07
8746,94.07
8756,95.0
8766,95.0
8776,95.0
8786,95.0
8796,95.0
8806,95.0
8817,95.0
8827,95.0
8837,95.0
8847,96.19
8857,96.66
8867,97.04
8877,97.35
8888,97.97
8898,98.41
8908,98.65
8918,98.88
8928,99.12
8938,99.12
8949,99.12
8959,99.12
8969,99.12
8979,99.12
8989,99.12
8999,99.12
9009,99.12
9020,99.12
9030,99.12
9040,99.12
9050,99.12
9060,99.12
9070,99.12
9080,99.12
9091,99.12
9100,99.12
9110,99.12
9120,99.12
9130,99.12
9140,99.12
9150,99.12
9161,99.12
9171,99.37
9181,99.72
9191,99.9
9201,99.9
9211,99.9
9221,99.9
9231,99.9
9241,99.9
9251,99.9
9261,99.9
9271,100.07
9281,101.13
9291,101.5
9301,101.84
9311,101.84
9321,101.84
9331,102.21
9341,103.61
9358,103.9
9368,104.44
9378,136.44
9388,136.44
9398,137.93
9408,137.93
9418,137.93
9428,137.93
9438,137.93
9448,137.93
9458,137.93
9468,137.93
9478,137.93
9488,137.93
9499,137.93
9509,137.93
9519,137.93
9529,137.93
9539,137.93
9549,137.93
9559,137.93
9570,137.93
9580,137.93
9590,137.93
9600,137.93
9610,137.93
9620,137.93
9630,137.93
9641,137.93
9651,137.93
9661,137.93
9671,137.93
9681,137.93
9691,138.05
9701,138.05
9712,138.05
9721,138.05
9731,138.05
9741,138.05
9751,138.05
9761,138.05
9771,138.05
9781,138.05
9791,138.05
9801,138.05
9811,138.05
9821,138.05
9831,138.05
9841,138.05
9851,138.05
9862,138.05
9872,138.05
9882,138.06
9892,138.06
9902,138.06
9912,138.06
9922,138.06
9933,138.06
9943,138.06
9953,138.06
9963,138.06
9973,138.06
9983,138.06
9993,138.06
10004,138.06
10014,138.06
10024,138.06
10034,138.06
10044,138.06
10054,138.06
10064,138.06
10074,138.06
10084,138.06
10094,138.06
10104,138.06
10114,138.06
10124,138.06
10134,138.06
10144,138.06
10154,138.06
10164,138.06
10174,138.06
10184,138.06
10194,138.06
10204,138.06
10214,138.06
10224,138.06
10234,138.06
10244,138.06
10254,138.06
10264,138.06
10274,138.06
10284,138.06
10294,138.06
10304,138.06
10314,138.06
10324,138.06
10334,138.06
10344,138.06
10355,138.06
10365,138.06
10375,138.06
10385,138.06
10395,138.06
10405,138.06
10415,138.06
10426,138.06
10436,138.06
10446,138.06
10456,138.06
10466,138.06
10476,138.06
10486,138.06
10497,138.06
10507,138.06
10517,138.06
10527,138.06
10537,138.06
10547,138.06
10557,138.06
10567,138.06
10577,138.06
10587,138.06
10597,138.06
10607,138.06
10617,138.06
10627,138.06
10637,138.06
10647,138.06
10657,138.06
10667,138.06
10677,138.06
10687,138.06
10697,138.06
10707,138.06
10717,138.06
10727,138.06
10737,138.06
10747,138.06
10757,138.07
10767,138.07
10777,138.07
10787,138.07
10797,138.07
10807,138.07
10817,138.07
10827,138.07
10837,138.07
10847,138.07
10858,138.07
10868,138.07
10878,138.07
10888,138.07
10898,138.07
10908,138.07
10918,138.07
10928,138.07
10938,138.07
10948,138.07
10958,138.07
10968,138.07
10978,138.07
10988,138.07
10998,138.07
11008,138.07
11018,138.07
11028,138.07
11038,138.07
11048,138.07
11058,138.07
11068,138.07
11079,138.07
11089,138.07
11099,138.07
11109,138.07
11119,138.07
11129,138.07
11139,138.07
11150,138.07
11160,138.07
11170,138.07
11180,138.07
11190,138.07
11200,138.07
11210,138.07
11221,138.07
11231,138.07
11241,138.07
11251,138.07
11261,138.07
11271,138.07
11281,138.07
11291,138.07
11301,138.07
11311,138.07
11321,138.07
11331,138.07
11341,138.07
11351,138.07
11361,138.07
11371,138.07
11381,138.07
11391,138.07
11401,138.07
11411,138.07
11421,138.07
11432,138.07
11442,138.07
11452,138.07
11462,138.07
11472,138.07
11482,138.07
11492,138.07
11502,138.07
11512,138.07
11522,138.07
11532,138.07
11542,138.07
11552,138.07
11562,138.07
11572,138.07
11583,138.07
11593,138.07
11603,138.07
11613,138.07
11623,138.08
11633,138.08
11643,138.08
11654,138.08
11664,138.08
11674,138.08
11684,138.08
11694,138.08
11704,138.08
11714,138.08
11725,138.08
11734,138.08
11744,138.08
11754,138.08
11764,138.08
11774,138.08
11784,138.08
11794,138.08
11804,138.08
11814,138.08
11824,138.08
11834,138.08
11844,138.08
11854,138.08
11864,138.08
11875,138.08
11885,138.08
11895,138.08
11905,138.08
11915,138.08
11925,138.08
11935,138.08
11946,138.08
11956,138.08
11966,138.08
11976,138.08
11986,138.08
11996,138.08
12006,138.08
12017,138.08
12027,138.08
12037,138.08
12047,138.08
12057,138.08
12067,138.08
12077,138.08
12087,138.08
12097,138.08
12107,138.08
12117,138.08
12127,138.08
12137,138.08
12147,138.08
12157,138.08
12168,138.08
12178,138.08
12188,138.08
12198,138.08
12208,138.08
12218,138.08
12228,138.08
12239,138.08
12249,138.08
12259,138.08
12269,138.08
12279,138.08
12289,138.08
12299,138.08
12310,138.08
12320,138.08
12330,138.08
12340,138.08
12350,138.08
12360,138.08
12370,138.08
12381,138.08
12391,138.08
12401,138.08
12411,138.08
12421,138.08
12431,138.08
12441,138.08
12452,138.08
12462,138.08
12472,138.08
12482,138.08
12492,138.08
12502,138.09
12512,138.09
12522,138.09
12532,138.09
12542,138.09
12552,138.09
12562,138.09
12572,138.09
12582,138.09
12592,138.09
12602,138.09
12612,138.09
12622,138.09
12632,138.09
12642,138.09
12652,138.09
12662,138.09
12673,138.09
12683,138.09
12693,138.09
12703,138.09
12713,138.09
12723,138.09
12733,138.09
12744,138.09
12754,138.09
12764,138.09
12774,138.09
12784,138.09
12794,138.09
12804,138.09
12815,138.09
12825,138.09
12835,138.09
12845,138.09
12855,138.09
12865,138.09
12875,138.09
12885,138.09
12895,138.09
12905,138.09
12915,138.09
12925,138.09
12935,138.09
12945,138.09
12956,138.09
12966,138.09
12976,138.09
12986,138.09
12996,138.09
13006,138.09
13016,138.09
13026,138.09
13036,138.09
13046,138.09
13056,138.09
13066,138.09
13076,138.09
13086,138.09
13096,138.09
13107,138.09
13117,138.09
13127,138.09
13137,138.09
13147,138.09
13157,138.09
13167,138.09
13178,138.09
13188,138.09
13198,138.09
13208,138.09
13218,138.09
13228,138.09
13238,138.09
13249,138.09
13258,138.09
13268,138.09
13278,138.09
13288,138.09
13298,138.09
13308,138.09
13318,138.09
13328,138.09
13338,138.09
13348,138.09
13358,138.1
13368,138.1
13378,138.1
13389,138.1
13399,138.1
13409,138.1
13419,138.1
13429,138.1
13439,138.1
13449,138.1
13460,138.1
13470,138.1
13480,138.1
13490,138.1
13500,138.1
13510,138.1
13520,138.1
13530,138.1
13540,138.1
13550,138.1
13560,138.1
13570,138.1
13580,138.1
13590,138.1
13600,138.1
13611,138.1
13621,138.1
13631,138.1
13641,138.1
13651,138.1
13661,138.1
13671,138.1
13682,138.1
13692,138.1
13702,138.1
13712,138.1
13722,138.1
13732,138.1
13742,138.1
13753,138.1
13763,138.1
13773,138.1
13783,138.1
13793,138.1
13803,138.1
13813,138.1
13824,138.1
13834,138.1
13844,138.1
13854,138.1
13864,138.1
13874,138.1
13884,138.1
13894,138.1
13904,138.1
13914,138.1
13924,138.1
13934,138.1
13944,138.1
13954,138.1
13964,138.1
13974,138.1
13984,138.1
13994,138.1
14004,138.1
14014,138.1
14024,138.1
14034,138.1
14045,138.1
14055,138.1
14065,138.1
14075,138.1
14085,138.1
14095,138.1
14105,138.1
14116,138.1
14126,138.1
14136,138.1
14146,138.1
14156,138.1
14166,138.1
14176,138.1
14186,138.1
14196,138.1
14206,138.1
14216,138.1
14226,138.11
14236,138.11
14246,138.11
14256,138.11
14266,138.11
14276,138.11
14286,138.11
14296,138.11
14306,138.11
14316,138.11
14326,138.11
14336,138.11
14346,138.11
14356,138.11
14366,138.11
14376,138.11
14386,138.11
14396,138.11
14407,138.11
14417,138.11
14427,138.11
14437,138.11
14447,138.11
14457,138.11
14467,138.11
14478,138.11
14487,138.11
14497,138.11
14507,138.11
14517,138.11
14527,138.11
14537,138.11
14547,138.11
14557,138.11
14567,138.11
14577,138.11
14587,138.11
14597,138.11
14607,138.11
14617,138.11
14628,138.11
14638,138.11
14648,138.11
14658,138.11
14668,138.11
14678,138.11
14688,138.11
14698,138.11
14708,138.11
14718,138.11
14728,138.11
14738,138.11
14748,138.11
14758,138.11
14768,138.11
14779,138.11
14789,138.11
14799,138.11
14809,138.11
14819,138.11
14829,138.11
14839,138.11
14850,138.11
14860,138.11
14870,138.11
14880,138.11
14890,138.11
14900,138.11
14910,138.11
14920,138.11
14930,138.11
14940,138.11
14950,138.11
14960,138.11
14970,138.11
14980,138.11
14990,138.11
15001,138.11
15011,138.11
15021,138.11
15031,138.11
15041,138.11
15051,138.11
15061,138.11
15071,138.11
15081,138.11
15091,138.11
15101,138.12
15111,138.12
15121,138.12
15131,138.12
15141,138.12
15151,138.12
15161,138.12
15171,138.12
15181,138.12
15191,138.12
15202,138.12
15212,138.12
15222,138.12
15232,138.12
15242,138.12
15252,138.12
15262,138.12
15273,138.12
15282,138.12
15292,138.12
15302,138.12
15312,138.12
15322,138.12
15332,138.12
15342,138.12
15352,138.12
15362,138.12
15372,138.12
15382,138.12
15392,138.12
15402,138.12
15412,138.12
15423,138.12
15433,138.12
15443,138.12
15453,138.12
15463,138.12
15473,138.12
15483,138.12
15494,138.12
15504,138.12
15514,138.12
15524,138.12
15534,138.12
15544,138.12
15554,138.12
15565,138.12
15575,138.12
15585,138.12
15595,138.12
15605,138.12
15615,138.12
15625,138.12
15636,138.12
15646,138.12
15656,138.12
15666,138.12
15676,138.12
15686,138.12
15696,138.12
15706,138.12
15716,138.12
15726,138.12
15736,138.12
15746,138.12
15756,138.12
15766,138.12
15776,138.12
15786,138.12
15796,138.12
15806,138.12
15816,138.12
15826,138.12
15836,138.12
15846,138.12
15857,138.12
15867,138.12
15877,138.12
15887,138.12
15897,138.12
15907,138.12
15917,138.12
15928,138.12
15938,138.12
15948,138.12
15958,138.12
15968,138.12
15978,138.13
15988,138.13
15998,138.13
16008,138.13
16018,138.13
16028,138.13
16038,138.13
16048,138.13
16058,138.13
16068,138.13
16078,138.13
16088,138.13
16098,138.13
16108,138.13
16118,138.13
16128,138.13
16138,138.13
16149,138.13
16159,138.13
16169,138.13
16179,138.13
16189,138.13
16199,138.13
16209,138.13
16220,138.13
16230,138.13
16240,138.13
16250,138.13
16260,138.13
16270,138.13
16280,138.13
16290,138.13
16300,138.13
16310,138.13
16320,138.13
16330,138.13
16340,138.13
16350,138.13
16360,138.13
16370,138.13
16380,138.13
16390,138.13
16400,138.13
16411,138.13
16421,138.13
16431,138.13
16441,138.13
16451,138.13
16461,138.13
16471,138.13
16482,138.13
16492,138.13
16502,138.13
16512,138.13
16522,138.13
16532,138.13
16542,138.13
16553,138.13
16563,138.13
16573,138.13
16583,138.13
16593,138.13
16603,138.13
16613,138.13
16624,138.13
16634,138.13
16644,138.13
16654,138.13
16664,138.13
16674,138.13
16684,138.13
16695,138.13
16705,138.13
16715,138.13
16725,138.13
16735,138.13
16745,138.13
16755,138.13
16766,138.13
16776,138.13
16786,138.13
16796,138.13
16806,138.13
16816,138.13
16826,138.13
16837,138.14
16846,138.14
16856,138.14
16866,138.14
16876,138.14
16886,138.14
16896,138.14
16906,138.14
16916,138.14
16926,138.14
16936,138.14
16946,138.14
16956,138.14
16966,138.14
16976,138.14
16986,138.14
16996,138.14
17006,138.14
17016,138.14
17026,138.14
17036,138.14
17046,138.14
17056,138.14
17066,138.14
17076,138.14
17086,138.14
17096,138.14
17106,138.14
17116,138.14
17127,138.14
17137,138.14
17147,138.14
17157,138.14
17167,138.14
17177,138.14
17187,138.14
17198,138.14
17208,138.14
17218,138.14
17228,138.14
17238,138.14
17248,138.14
17258,138.14
17268,138.14
17278,138.14
17288,138.14
17298,138.14
17308,138.14
17318,138.14
17328,138.14
17338,138.14
17349,138.14
17359,138.14
17369,138.14
17379,138.14
17389,138.14
17399,138.14
17409,138.14
17419,138.14
17429,138.14
17439,138.14
17449,138.14
17459,138.14
17469,138.14
17479,138.14
17490,138.14
17500,138.14
17510,138.14
17520,138.14
17530,138.14
17540,138.14
17550,138.14
17561,138.14
17570,138.14
17580,138.14
17590,138.14
17600,138.14
17610,138.14
17620,138.14
17631,138.14
17641,138.14
17651,138.14
17661,138.14
17671,138.14
17681,138.14
17691,138.14
17701,138.14
17711,138.14
17721,138.15
17731,138.15
17741,138.15
17751,138.15
17761,138.15
17771,138.15
17781,138.15
17791,138.15
17801,138.15
17811,138.15
17821,138.15
17831,138.15
17841,138.15
17851,138.15
17861,138.15
17871,138.15
17881,138.15
17891,138.15
17901,138.15
17911,138.15
17922,138.15
17932,138.15
17942,138.15
17952,138.15
17962,138.15
17972,138.15
17982,138.15
17993,138.15
18003,138.15
18013,138.15
18023,138.15
18033,138.15
18043,138.15
18053,138.15
18063,138.15
18073,138.15
18083,138.15
18093,138.15
18103,138.15
18113,138.15
18123,138.15
18133,138.15
18143,138.15
18153,138.15
18163,138.15
18173,138.15
18183,138.15
18193,138.15
18203,138.15
18213,138.15
18223,138.15
18233,138.15
18243,138.15
18253,138.15
18264,138.15
18274,138.15
18284,138.15
18294,138.15
18304,138.15
18314,138.15
18324,138.15
18335,138.15
18344,138.15
18354,138.15
18364,138.15
18374,138.15
18384,138.15
18394,138.15
18404,138.15
18414,138.15
18424,138.15
18434,138.15
18444,138.15
18454,138.15
18464,138.15
18474,138.15
18485,138.15
18495,138.15
18505,138.15
18515,138.15
18525,138.15
18535,138.15
18545,138.15
18556,138.15
18566,138.15
18576,138.15
18586,138.16
18596,138.16
18606,138.16
18616,138.16
18626,138.16
18636,138.16
18646,138.16
18656,138.16
18666,138.16
18676,138.16
18686,138.16
18696,138.16
18706,138.16
18716,138.16
18726,138.16
18736,138.16
18746,138.16
18756,138.16
18766,138.16
18777,138.16
18787,138.16
18797,138.16
18807,138.16
18817,138.16
18827,138.16
18837,138.16
18848,138.16
18857,138.16
18867,138.16
18877,138.16
18887,138.16
18897,138.16
18907,138.16
18917,138.16
18927,138.16
18937,138.16
18947,138.16
18957,138.16
18967,138.16
18977,138.16
18987,138.16
18998,138.16
19008,138.16
19018,138.16
19028,138.16
19038,138.16
19048,138.16
19058,138.16
19069,138.16
19079,138.16
19089,138.16
19099,138.16
19109,138.16
19119,138.16
19129,138.16
19139,138.16
19149,138.16
19159,138.16
19169,138.16
19179,138.16
19189,138.16
19199,138.16
19209,138.16
19220,138.16
19230,138.16
19240,138.16
19250,138.16
19260,138.16
19270,138.16
19280,138.16
19290,138.16
19300,138.16
19310,138.16
19320,138.16
19330,138.16
19340,138.16
19350,138.16
19360,138.16
19370,138.16
19380,138.16
19390,138.16
19400,138.16
19410,138.16
19420,138.16
19430,138.16
19441,138.16
19451,138.17
19461,138.17
19471,138.17
19481,138.17
19491,138.17
19501,138.17
19512,138.17
19521,138.17
19531,138.17
19541,138.17
19551,138.17
19561,138.17
19571,138.17
19581,138.17
19591,138.17
19601,138.17
19611,138.17
19621,138.17
19631,138.17
19641,138.17
19651,138.17
19662,138.17
19672,138.17
19682,138.17
19692,138.17
19702,138.17
19712,138.17
19722,138.17
19732,138.17
19742,138.17
19752,138.17
19762,138.17
19772,138.17
19782,138.17
19792,138.17
19803,138.17
19813,138.17
19823,138.17
19833,138.17
19843,138.17
19853,138.17
19863,138.17
19874,138.17
19884,138.17
19894,138.17
19904,138.17
19914,138.17
19924,138.17
19934,138.17
19944,138.17
19954,138.17
19964,138.17
19974,138.17
19984,138.17
19994,138.17
20004,138.17
20014,138.17
20025,138.17
20035,138.17
20045,138.17
20055,138.17
20065,138.17
20075,138.17
20085,138.17
20096,138.17
20106,138.17
20116,138.17
20126,138.17
20136,138.17
20146,138.17
20156,138.17
20166,138.17
20176,138.17
20186,138.17
20196,138.17
20206,138.17
20216,138.17
20226,138.17
20236,138.17
20247,138.17
20257,138.17
20267,138.17
20277,138.17
20287,138.17
20297,138.17
20307,138.17
20317,138.17
20327,138.18
20337,138.18
20347,138.18
20357,138.18
20367,138.18
20377,138.18
20387,138.18
20397,138.18
20407,138.18
20417,138.18
20428,138.18
20438,138.18
20448,138.18
20458,138.18
20468,138.18
20478,138.18
20488,138.18
20499,138.18
20509,138.18
20519,138.18
20529,138.18
20539,138.18
20549,138.18
20559,138.18
20569,138.18
20580,138.18
20590,138.18
20600,138.18
20610,138.18
20620,138.18
20630,138.18
20640,138.18
20651,138.18
20661,138.18
20671,138.18
20681,138.18
20691,138.18
20701,138.18
20711,138.18
20722,138.18
20732,138.18
20742,138.18
20752,138.18
20762,138.18
20772,138.18
20782,138.18
20793,138.18
20802,139.11
20812,140.38
20822,140.69
20832,140.99
20842,141.29
20852,141.29
20862,141.29
20872,141.29
20882,141.29
20892,141.29
20902,141.29
20912,141.29
20922,141.29
20932,141.29
20942,141.29
20952,141.29
20962,141.29
20972,141.29
20983,141.3
20993,141.3
21003,141.3
21013,141.3
21023,141.3
21033,141.3
21043,141.3
21053,141.3
21063,141.3
21073,141.3
21083,141.3
21093,141.3
21103,141.3
21113,141.3
21124,141.3
21134,141.3
21144,141.3
21154,141.3
21164,141.3
21174,141.3
21184,141.3
21194,141.3
21204,141.3
21214,141.3
21224,141.3
21234,141.3
21244,141.3
21254,141.3
21265,141.3
21275,141.3
21285,141.3
21295,141.3
21305,141.3
21315,141.3
21325,141.3
21335,141.3
21345,141.3
21355,141.3
21365,141.3
21375,141.3
21385,141.3
21395,141.3
21405,141.3
21416,141.3
21426,141.3
21436,141.3
21446,141.3
21456,141.3
21466,141.3
21476,141.3
21487,141.3
21496,141.3
21506,141.3
21516,141.3
21526,141.3
21536,141.3
21546,141.3
21556,141.3
21566,141.3
21576,141.3
21586,141.3
21596,141.3
21606,141.3
21616,141.3
21626,141.3
21637,141.3
21647,141.3
21657,141.3
21667,141.3
21677,141.3
21687,141.3
21697,141.3
21708,141.3
21718,141.3
21728,141.3
21738,141.3
21748,141.3
21758,141.3
21768,141.3
21778,141.3
21788,141.3
21798,141.3
21808,141.3
21818,141.3
21828,141.3
21838,141.3
21848,141.31
21859,141.31
21869,141.31
21879,141.31
21889,141.31
21899,141.31
21909,141.31
21919,141.31
21929,141.31
21939,141.31
21949,141.31
21959,141.31
21969,141.31
21979,141.31
21989,141.31
21999,141.31
22009,141.31
22019,141.31
22029,141.31
22039,141.31
22049,141.31
22059,141.31
22069,141.31
22080,141.31
22090,141.31
22100,141.31
22110,141.31
22120,141.31
22130,141.31
22140,141.31
22151,141.31
22161,141.31
22171,141.31
22181,141.31
22191,141.31
22201,141.31
22211,141.31
22222,141.31
22232,141.31
22242,141.31
22252,141.31
22262,141.31
22272,141.31
22282,141.31
22292,141.31
22302,141.31
22312,141.31
22322,141.31
22332,141.31
22342,141.31
22352,141.31
22362,141.31
22373,141.31
22383,141.31
22393,141.31
22403,141.31
22413,141.31
22423,141.31
22433,141.31
22444,141.31
22454,141.31
22464,141.31
22474,141.31
22484,141.31
22494,141.31
22504,141.31
22514,141.31
22524,141.31
22534,141.31
22544,141.31
22554,141.31
22564,141.31
22574,141.31
22584,141.31
22595,141.31
22605,141.31
22615,141.31
22625,141.31
22635,141.31
22645,141.31
22655,141.31
22666,141.31
22676,141.31
22686,141.31
22696,141.31
22706,141.31
22716,141.31
22726,141.31
22737,141.32
22747,141.32
22757,141.32
22767,141.32
22777,141.32
22787,141.32
22797,141.32
22808,141.32
22818,141.32
22828,141.32
22838,141.32
22848,141.32
22858,141.32
22868,141.32
22878,141.32
22889,141.32
22899,141.32
22909,141.32
22919,141.32
22929,141.32
22939,141.32
22949,141.32
22959,141.32
22970,141.32
22980,141.32
22990,141.32
23000,141.32
23010,141.32
23020,141.32
23030,141.32
23040,141.32
23050,141.32
23060,141.32
23070,141.32
23080,141.32
23090,141.32
23100,141.32
23110,141.32
23120,141.32
23130,141.32
23140,141.32
23150,141.32
23160,141.32
23170,141.32
23180,141.32
23190,141.32
23201,141.32
23211,141.32
23221,141.32
23231,141.32
23241,141.32
23251,141.32
23261,141.32
23271,141.32
23282,141.32
23292,141.32
23302,141.32
23312,141.32
23322,141.32
23332,141.32
23342,141.32
23353,141.32
23363,141.32
23373,141.32
23383,141.32
23393,141.32
23403,141.32
23413,141.32
23423,141.32
23433,141.32
23443,141.32
23453,141.32
23463,141.32
23473,141.32
23483,141.32
23493,141.32
23504,141.32
23514,141.32
23524,141.32
23534,141.32
23544,141.32
23554,141.32
23564,141.32
23574,141.32
23584,141.32
23594,141.32
23604,141.33
23614,141.33
23624,141.33
23634,141.33
23644,141.33
23655,141.33
23665,141.33
23675,141.33
23685,141.33
23695,141.33
23705,141.33
23715,141.33
23725,141.33
23735,141.33
23745,141.33
23755,141.33
23765,141.33
23775,141.33
23785,141.33
23795,141.33
23806,141.33
23816,141.33
23826,141.33
23836,141.33
23846,141.33
23856,141.33
23866,141.33
23876,141.33
23886,141.33
23896,141.33
23906,141.33
23916,141.33
23926,141.33
23936,141.33
23946,141.33
23957,141.33
23967,141.33
23977,141.33
23987,141.33
23997,141.33
24007,141.33
24017,141.33
24027,141.33
24038,141.33
24048,141.33
24058,141.33
24068,141.33
24078,141.33
24088,141.33
24098,141.33
24108,141.33
24118,141.33
24128,141.33
24138,141.33
24148,141.33
24158,141.33
24168,141.33
24178,141.33
24188,141.33
24198,141.33
24208,141.33
24218,141.33
24228,141.33
24238,141.33
24248,141.33
24258,141.33
24269,141.33
24279,141.33
24289,141.33
24299,141.33
24309,141.33
24319,141.33
24329,141.33
24339,141.33
24350,141.33
24360,141.33
24370,141.33
24380,141.33
24390,141.33
24400,141.33
24410,141.33
24420,141.33
24430,141.33
24440,141.33
24450,141.33
24460,141.34
24470,141.34
24480,141.34
24490,141.34
24501,141.34
24511,141.34
24521,141.34
24531,141.34
24541,141.34
24551,141.34
24561,141.34
24571,141.34
24582,141.34
24592,141.34
24602,141.34
24612,141.34
24622,141.34
24632,141.34
24642,141.34
24653,141.34
24663,141.34
24673,141.34
24683,141.34
24693,141.34
24703,141.34
24713,141.34
24723,141.34
24733,141.34
24743,141.34
24753,141.34
24763,141.34
24774,141.34
24784,141.34
24794,141.34
24804,141.34
24814,141.34
24824,141.34
24834,141.34
24844,141.34
24854,141.34
24864,141.34
24874,141.34
24884,141.34
24894,141.34
24904,141.34
24914,141.34
24925,141.34
24935,141.34
24945,141.34
24955,141.34
24965,141.34
24975,141.34
24985,141.34
24995,141.34
25005,141.34
25015,141.34
25025,141.34
25035,141.34
25045,141.34
25055,141.34
25065,141.34
25076,141.34
25086,141.34
25096,141.34
25106,141.34
25116,141.34
25126,141.34
25136,141.34
25147,141.34
25157,141.34
25167,141.34
25177,141.34
25187,141.34
25197,141.34
25207,141.34
25217,141.34
25227,141.34
25237,141.34
25247,141.34
25257,141.34
25267,141.34
25277,141.34
25287,141.34
25298,141.34
25308,141.34
25318,141.34
25328,141.35
25338,141.35
25348,141.35
25358,141.35
25368,141.35
25378,141.35
25388,141.35
25398,141.35
25408,141.35
25418,141.35
25428,141.35
25438,141.35
25449,141.35
25459,141.35
25469,141.35
25479,141.35
25489,141.35
25499,141.35
25509,141.35
25519,141.35
25530,141.35
25540,141.35
25550,141.35
25560,141.35
25570,141.35
25580,141.35
25590,141.35
25600,141.35
25611,141.35
25621,141.35
25631,141.35
25641,141.35
25651,141.35
25661,141.35
25671,141.35
25682,141.35
25692,141.35
25702,141.35
25712,141.35
25722,142.67
25732,142.67
25742,142.67
25752,142.67
25763,142.67
25773,142.67
25783,142.67
25793,142.67
25803,142.67
25813,142.67
25823,142.67
25833,143.53
25844,143.53
25854,143.53
25864,143.53
25874,143.53
25884,143.53
25894,143.53
25904,143.53
25914,143.53
25925,143.53
25935,143.53
25945,143.53
25955,143.53
25965,143.53
25975,143.53
25985,143.53
25995,143.53
26005,143.53
26015,143.53
26025,143.53
26035,143.53
26045,143.53
26055,143.53
26065,143.53
26075,143.53
26085,143.53
26095,143.53
26105,143.53
26115,143.53
26125,143.53
26135,143.53
26145,143.53
26156,143.53
26166,143.53
26176,143.53
26186,143.53
26196,143.53
26206,143.53
26216,143.53
26226,143.53
26237,143.53
26247,143.53
26257,143.53
26267,143.53
26277,143.53
26287,143.53
26297,143.53
26307,143.53
26317,143.53
26327,143.53
26337,143.53
26347,143.53
26357,143.53
26367,143.53
26377,143.53
26388,143.53
26398,143.53
26408,143.53
26418,143.53
26428,143.53
26438,143.53
26448,143.53
26458,143.53
26468,143.53
26478,143.53
26488,143.54
26498,143.54
26508,143.54
26518,143.54
26528,143.54
26539,143.54
26549,143.54
26559,143.54
26569,143.54
26579,143.54
26589,143.54
26599,143.54
26609,143.54
26619,143.54
26629,143.54
26639,143.54
26649,143.54
26659,143.54
26669,143.54
26679,143.54
26690,143.54
26700,143.54
26710,143.54
26720,143.54
26730,143.54
26740,143.54
26750,143.54
26760,143.54
26771,143.54
26781,143.54
26791,143.54
26801,143.54
26811,143.54
26821,143.54
26831,143.54
26841,143.54
26852,143.54
26862,143.54
26872,143.54
26882,143.54
26892,143.54
26902,143.54
26912,143.54
26922,143.54
26932,143.54
26942,143.54
26952,143.54
26962,143.54
26972,143.54
26982,143.54
26992,143.54
27002,143.54
27012,143.54
27022,143.54
27032,143.54
27042,143.54
27052,143.54
27062,143.54
27072,143.54
27083,143.54
27092,143.54
27102,143.54
27112,143.54
27122,143.54
27132,143.54
27142,143.54
27152,143.54
27163,143.54
27173,143.54
27183,143.54
27193,143.54
27203,143.54
27213,143.54
27223,143.54
27233,143.54
27244,143.54
27254,143.54
27264,143.54
27274,143.54
27284,143.54
27294,143.54
27304,143.54
27314,143.54
27325,143.54
27335,143.54
27345,143.54
27355,143.54
27365,143.88
27373,144.06,task,end,0,0,3.0
27375,144.22
27385,144.53
27396,144.83
27406,145.32
27416,145.62
27426,145.77
27436,145.77
27446,145.77
27457,145.77
27466,145.77
27476,145.77
27486,145.94
27489,145.94,task,end,0,0,2.0
27496,145.94
27506,145.94
27516,145.94
27526,145.94
27537,145.94
27547,145.94
27557,145.94
27567,145.94
27577,145.94
27587,145.94
27597,145.94
27607,145.94
27618,145.94
27628,145.94
27638,145.94
27648,145.94
27658,145.94
27668,145.94
27678,145.94
27688,145.94
27699,145.94
27709,145.95
27719,145.95
27729,145.95
27739,145.95
27749,145.95
27759,145.95
27769,145.95
27779,145.95
27789,145.95
27799,145.95
27809,145.95
27819,145.95
27829,145.95
27839,145.95
27850,145.95
27859,145.95
27869,145.95
27879,145.95
27889,145.95
27899,145.95
27909,145.95
27919,145.95
27930,145.95
27940,145.95
27950,145.95
27960,145.95
27970,145.95
27980,145.95
27990,145.95
28000,145.95
28011,145.95
28021,145.95
28031,145.95
28041,145.95
28051,145.95
28061,145.95
28071,145.95
28081,145.95
28091,145.95
28101,145.95
28111,145.95
28121,145.95
28131,145.95
28141,145.95
28151,145.95
28161,145.95
28171,145.95
28181,145.95
28191,145.95
28201,145.95
28211,145.95
28221,145.95
28231,145.95
28242,145.95
28252,145.95
28262,145.95
28272,145.95
28282,145.95
28292,145.95
28302,145.95
28312,145.95
28323,145.95
28333,145.95
28343,145.95
28353,145.95
28363,145.95
28373,145.95
28383,145.95
28393,145.95
28403,145.95
28413,145.95
28423,145.95
28433,145.95
28443,145.95
28453,145.95
28463,145.95
28474,145.95
28483,145.95
28493,145.95
28503,145.95
28513,145.95
28523,145.95
28533,145.95
28543,145.95
28554,145.95
28564,145.95
28574,145.95
28584,145.95
28594,145.95
28604,145.95
28614,145.95
28624,145.95
28635,145.95
28645,145.95
28655,145.95
28665,145.95
28675,145.95
28685,145.95
28695,145.95
28705,145.95
28715,145.95
28725,145.95
28735,145.95
28745,145.95
28755,145.95
28765,145.95
28775,145.95
28786,145.95
28795,145.95
28805,145.95
28815,145.95
28825,145.95
28835,145.95
28845,145.95
28855,145.95
28866,145.95
28876,145.95
28886,145.95
28896,145.95
28906,145.95
28916,145.95
28926,145.95
28936,145.95
28947,145.95
28957,145.95
28967,145.95
28977,145.95
28987,145.95
28997,145.95
29007,145.95
29017,145.95
29027,145.95
29037,145.95
29047,145.95
29057,145.95
29067,145.95
29077,145.95
29087,145.95
29098,145.95
29108,145.95
29118,145.95
29128,145.95
29138,145.95
29148,145.95
29158,145.95
29168,145.95
29179,145.95
29189,145.95
29199,145.95
29209,145.95
29219,145.95
29229,145.95
29239,145.95
29249,145.95
29260,145.95
29270,145.95
29280,145.95
29290,145.95
29300,145.95
29310,145.95
29320,145.95
29330,145.95
29340,145.95
29346,146.13,task,end,0,0,0.0
29352,146.13
29362,146.13
29372,146.13
29382,146.13
29393,146.13
29403,146.13
29413,146.13
29423,146.13
29433,146.13
29443,146.13
29453,146.13
29463,146.13
29474,146.13
29484,146.13
29494,146.13
29504,146.13
29514,146.13
29524,146.13
29534,146.13
29544,146.13
29554,146.13
29564,146.13
29574,146.13
29584,146.13
29594,146.13
29604,146.13
29614,146.13
29625,146.13
29635,146.13
29645,146.13
29655,146.13
29665,146.13
29675,146.13
29685,146.13
29695,146.13
29705,146.13
29715,146.13
29725,146.13
29735,146.13
29745,146.13
29755,146.13
29765,146.13
29776,146.13
29786,146.13
29796,146.13
29806,146.13
29816,146.13
29826,146.13
29836,146.13
29846,146.13
29856,146.13
29866,146.13
29876,146.13
29886,146.13
29896,146.13
29906,146.13
29916,146.13
29927,146.13
29937,146.13
29947,146.13
29957,146.13
29967,146.13
29977,146.13
29987,146.13
29997,146.13
30008,146.13
30018,146.13
30028,146.13
30038,146.13
30048,146.13
30058,146.13
30068,146.13
30078,146.13
30089,146.13
30099,146.13
30109,146.13
30119,146.13
30129,146.13
30139,146.13
30149,146.13
30159,146.13
30169,146.13
30179,146.13
30189,146.13
30199,146.13
30209,146.13
30219,146.13
30229,146.13
30239,146.13
30249,146.13
30259,146.13
30269,146.13
30279,146.13
30289,146.13
30299,146.13
30309,146.13
30320,146.13
30330,146.13
30340,146.13
30350,146.13
30360,146.13
30370,146.13
30380,146.13
30390,146.13
30401,146.13
30411,146.13
30421,146.13
30431,146.13
30441,146.13
30451,146.13
30461,146.13
30471,146.13
30481,146.13
30491,146.13
30501,146.13
30511,146.13
30521,146.13
30531,146.13
30541,146.13
30552,146.13
30562,146.13
30572,146.13
30582,146.13
30592,146.13
30602,146.13
30612,146.13
30622,146.13
30632,146.13
30642,146.13
30652,146.13
30662,146.13
30672,146.13
30682,146.13
30692,146.13
30703,146.13
30713,146.13
30723,146.13
30733,146.13
30743,146.13
30753,146.13
30763,146.13
30773,146.13
30784,146.13
30794,146.13
30804,146.13
30814,146.13
30824,146.13
30834,146.13
30844,146.13
30855,146.13
30864,146.14
30874,146.14
30884,146.14
30894,146.14
30904,146.14
30914,146.14
30924,146.14
30935,146.14
30945,146.14
30955,146.14
30965,146.14
30975,146.14
30985,146.14
30995,146.14
31005,146.14
31011,146.31,task,end,0,0,1.0
31014,146.31,stage,end
31021,146.69
31031,147.08
31033,147.08,stage,start
31042,147.48
31052,147.71
31055,147.71,persist,memory,22320
31119,54.98
31120,55.14,persist,memory,7389
31129,55.73
31136,55.73,task,start,1,0,0.0
31139,55.88,task,start,1,0,1.0
31140,55.88
31141,55.88,task,start,1,0,2.0
31144,55.88,task,start,1,0,3.0
31146,55.88,task,start,1,0,4.0
31149,55.88,task,start,1,0,5.0
31151,55.88
31161,58.02
31171,58.88
31182,58.97
31192,59.1
31202,59.1
31212,59.1
31222,59.1
31232,59.1
31242,59.1
31252,59.1
31262,59.1
31272,59.1
31282,59.1
31292,59.1
31302,59.1
31312,59.1
31322,59.1
31333,59.1
31343,59.68
31353,59.68
31363,59.69
31373,59.69
31383,59.69
31393,59.69
31403,60.01
31413,60.01
31423,60.01
31433,60.01
31443,60.01
31453,60.01
31463,60.01
31473,60.01
31483,60.01
31493,60.01
31503,60.01
31513,60.01
31523,60.01
31533,60.01
31543,60.01
31554,60.01
31563,60.01
31573,60.01
31583,60.09
31593,60.09
31603,60.09
31613,60.09
31623,60.09
31634,60.09
31644,60.09
31654,60.09
31664,60.09
31674,60.09
31684,60.09
31694,60.09
31704,60.09
31714,60.09
31724,60.09
31734,60.1
31744,60.1
31754,60.1
31764,60.1
31774,60.1
31784,60.1
31794,60.1
31804,60.1
31814,60.1
31824,60.1
31834,60.1
31844,60.1
31854,60.1
31864,60.1
31875,60.1
31885,60.1
31895,60.1
31905,60.1
31915,60.1
31925,60.1
31935,60.1
31945,60.1
31956,60.1
31966,60.1
31976,60.1
31986,60.1
31996,60.1
32006,60.1
32016,60.1
32026,60.1
32037,60.1
32047,60.1
32057,60.1
32067,60.1
32077,60.1
32087,60.1
32097,60.1
32107,60.1
32118,60.1
32128,60.1
32138,60.1
32148,60.1
32158,60.1
32168,60.1
32178,60.1
32189,60.1
32199,60.1
32209,60.1
32219,60.1
32229,60.1
32239,60.1
32249,60.1
32259,60.1
32270,60.1
32280,60.1
32290,60.1
32300,60.1
32310,60.1
32320,60.1
32330,60.1
32340,60.1
32350,60.1
32360,60.1
32370,60.1
32380,60.1
32390,60.1
32400,60.1
32410,60.1
32420,60.11
32430,60.11
32440,60.11
32450,60.11
32460,60.11
32470,60.11
32480,60.11
32491,60.11
32501,60.11
32511,60.11
32521,60.11
32531,60.11
32541,60.11
32551,60.11
32561,60.11
32572,60.11
32582,60.11
32592,60.11
32602,60.11
32612,60.11
32622,60.11
32632,60.11
32642,60.11
32653,60.11
32663,60.11
32673,60.11
32683,60.11
32693,60.11
32703,60.11
32713,60.11
32723,60.11
32733,60.11
32743,60.11
32753,60.11
32763,60.11
32773,60.11
32783,60.11
32793,60.11
32803,60.11
32813,60.11
32823,60.11
32833,60.11
32843,60.11
32853,60.11
32863,60.11
32873,60.11
32883,60.11
32893,60.11
32903,60.11
32913,60.11
32923,60.11
32933,60.11
32943,60.11
32953,60.11
32964,60.11
32974,60.11
32984,60.11
32994,60.11
33004,60.11
33014,60.11
33024,60.11
33034,60.11
33045,60.11
33055,60.11
33065,60.11
33075,60.11
33085,60.11
33095,60.12
33105,60.12
33115,60.12
33126,60.12
33136,60.12
33146,60.12
33156,60.12
33166,60.12
33176,60.12
33186,60.12
33196,60.12
33207,60.12
33217,60.12
33227,60.12
33237,60.12
33247,60.12
33257,60.12
33267,60.12
33277,60.12
33288,60.12
33298,60.12
33308,60.12
33318,60.12
33328,60.12
33338,60.12
33348,60.12
33358,60.12
33369,60.12
33379,60.12
33389,60.12
33399,60.12
33409,60.12
33419,60.12
33429,60.12
33439,60.12
33450,60.12
33459,60.12
33469,60.12
33479,60.12
33489,60.12
33499,60.12
33509,60.12
33519,60.12
33530,60.12
33540,60.12
33550,60.12
33560,60.12
33570,60.12
33580,60.12
33590,60.12
33600,60.12
33611,60.12
33621,60.12
33631,60.12
33641,60.12
33651,60.12
33661,60.12
33671,60.12
33681,60.12
33692,60.12
33702,60.12
33712,60.12
33722,60.12
33732,60.12
33742,60.12
33752,60.12
33762,60.12
33772,60.12
33782,60.12
33792,60.13
33802,60.13
33812,60.13
33822,60.13
33832,60.13
33842,60.13
33852,60.13
33862,60.13
33872,60.13
33882,60.13
33892,60.13
33902,60.13
33912,60.13
33923,60.13
33933,60.13
33943,60.13
33953,60.13
33963,60.13
33973,60.13
33983,60.13
33993,60.13
34004,60.13
34014,60.13
34024,60.13
34034,60.13
34044,60.13
34054,60.13
34064,60.13
34074,60.13
34085,60.13
34095,60.13
34105,60.13
34115,60.13
34125,60.13
34135,60.13
34145,60.13
34155,60.13
34166,60.13
34176,60.13
34186,60.13
34196,60.13
34206,60.13
34216,60.13
34226,60.13
34236,60.13
34247,60.13
34257,60.13
34267,60.13
34277,60.13
34287,60.13
34297,60.13
34307,60.13
34317,60.13
34328,60.13
34338,60.13
34348,60.13
34358,60.13
34368,60.13
34378,60.13
34388,60.13
34398,60.13
34409,60.13
34419,60.13
34429,60.13
34439,60.13
34449,60.13
34459,60.13
34469,60.13
34479,60.14
34490,60.14
34500,60.14
34510,60.14
34520,60.14
34530,60.14
34540,60.14
34550,60.14
34560,60.14
34570,60.14
34580,60.14
34590,60.14
34600,60.14
34610,60.14
34620,60.14
34630,60.14
34640,60.14
34650,60.14
34660,60.14
34670,60.14
34680,60.14
34690,60.14
34700,60.14
34710,60.14
34721,60.14
34730,60.14
34740,60.14
34750,60.14
34760,60.14
34770,60.14
34780,60.14
34790,60.14
34801,60.14
34811,60.14
34821,60.14
34831,60.14
34841,60.14
34851,60.14
34861,60.14
34871,60.14
34882,60.14
34891,60.14
34901,60.14
34911,60.14
34921,60.14
34931,60.14
34941,60.14
34951,60.14
34962,60.14
34971,60.14
34981,60.14
34991,60.14
35001,60.14
35011,60.14
35021,60.14
35031,60.14
35041,60.14
35051,60.14
35061,60.14
35071,60.14
35081,60.14
35091,60.14
35101,60.14
35111,60.14
35121,60.14
35131,60.14
35141,60.14
35151,60.14
35161,60.14
35171,60.15
35181,60.15
35191,60.15
35201,60.15
35211,60.15
35221,60.15
35231,60.15
35241,60.15
35251,60.15
35261,60.15
35271,60.15
35281,60.15
35292,60.15
35302,60.15
35312,60.15
35322,60.15
35332,60.15
35342,60.15
35352,60.15
35362,60.15
35373,60.15
35383,60.15
35393,60.15
35403,60.15
35413,60.15
35423,60.15
35433,60.15
35443,60.15
35454,60.15
35463,60.15
35473,60.15
35483,60.15
35493,60.15
35503,60.15
35513,60.15
35523,60.15
35533,60.15
35543,60.15
35553,60.15
35563,60.15
35573,60.15
35583,60.15
35593,60.15
35603,60.15
35614,60.15
35623,60.15
35633,60.15
35643,60.15
35653,60.15
35663,60.15
35673,60.15
35683,60.15
35694,60.15
35704,60.15
35714,60.15
35724,60.15
35734,60.15
35744,60.15
35754,60.15
35764,60.15
35775,60.15
35785,60.15
35795,60.15
35805,60.15
35815,60.15
35825,60.15
35835,60.15
35845,60.15
35856,60.16
35866,60.16
35876,60.16
35886,60.16
35896,60.16
35906,60.16
35916,60.16
35926,60.16
35936,60.16
35946,60.16
35956,60.16
35966,60.16
35976,60.16
35986,60.16
35996,60.16
36006,60.16
36016,60.16
36026,60.16
36036,60.16
36046,60.16
36056,60.16
36066,60.16
36076,60.16
36086,60.16
36096,60.16
36107,60.16
36117,60.16
36127,60.16
36137,60.16
36147,60.16
36157,60.16
36167,60.16
36177,60.16
36188,60.16
36198,60.16
36208,60.16
36218,60.16
36228,60.16
36238,60.16
36248,60.16
36258,60.16
36269,60.16
36279,60.16
36289,60.16
36299,60.16
36309,60.16
36319,60.16
36329,60.16
36339,60.16
36350,60.16
36360,60.16
36370,60.16
36380,60.16
36390,60.16
36400,60.16
36410,60.16
36420,60.16
36431,60.16
36441,60.16
36451,60.16
36461,60.16
36471,60.16
36481,60.16
36491,60.16
36501,60.16
36512,60.16
36522,60.16
36532,60.16
36542,60.16
36552,60.17
36562,60.17
36572,60.17
36582,60.17
36593,60.17
36603,60.17
36613,60.17
36623,60.17
36633,60.17
36643,60.17
36653,60.17
36663,60.17
36674,60.17
36684,60.17
36694,60.17
36704,60.17
36714,60.17
36724,60.17
36734,60.17
36744,60.17
36755,60.17
36765,60.17
36775,60.17
36785,60.17
36795,60.17
36805,60.17
36815,60.17
36825,60.17
36836,60.17
36846,60.17
36856,60.17
36866,60.17
36876,60.17
36886,60.17
36896,60.17
36906,60.17
36916,60.17
36926,60.17
36936,60.17
36946,60.17
36956,60.17
36966,60.17
36976,60.17
36986,60.17
36997,60.17
37007,60.17
37017,60.17
37027,60.17
37037,60.17
37047,60.17
37057,60.17
37067,60.17
37078,60.17
37088,60.17
37098,60.17
37108,60.17
37118,60.17
37128,60.17
37138,60.17
37148,60.17
37159,60.17
37169,60.17
37179,60.17
37189,60.17
37199,60.17
37209,60.17
37219,60.17
37229,60.18
37240,60.18
37250,60.18
37260,60.18
37270,60.18
37280,60.18
37290,60.18
37300,60.18
37310,60.18
37321,60.18
37331,60.18
37341,60.18
37351,60.18
37361,60.18
37371,60.18
37381,60.18
37391,60.18
37402,60.18
37412,60.18
37422,60.18
37432,60.18
37442,60.18
37452,60.18
37462,60.18
37472,60.18
37483,60.18
37493,60.18
37503,60.18
37513,60.18
37523,60.18
37533,60.18
37543,60.18
37553,60.18
37564,60.18
37574,60.18
37584,60.18
37594,60.18
37604,60.18
37614,60.18
37624,60.18
37634,60.18
37644,60.18
37654,60.18
37664,60.18
37674,60.18
37684,60.18
37694,60.18
37704,60.18
37714,60.18
37725,60.18
37735,60.18
37745,60.18
37755,60.18
37765,60.18
37775,60.18
37785,60.18
37796,60.18
37806,60.18
37816,60.18
37826,60.18
37836,60.18
37846,60.18
37856,60.18
37866,60.18
37877,60.18
37886,60.18
37896,60.18
37906,60.18
37916,60.18
37926,60.19
37936,60.19
37946,60.19
37956,60.19
37966,60.19
37976,60.19
37986,60.19
37996,60.19
38006,60.19
38016,60.19
38026,60.19
38037,60.19
38047,60.19
38057,60.19
38067,60.19
38077,60.19
38087,60.19
38097,60.19
38107,60.19
38118,60.19
38127,60.19
38137,60.19
38147,60.19
38157,60.19
38167,60.19
38177,60.19
38187,60.19
38197,60.19
38207,60.19
38217,60.19
38227,60.19
38237,60.19
38247,60.19
38257,60.19
38267,60.19
38277,60.19
38287,60.19
38297,60.19
38307,60.19
38317,60.19
38327,60.19
38337,60.19
38347,60.19
38357,60.19
38367,60.19
38377,60.19
38387,60.19
38397,60.19
38407,60.19
38417,60.19
38427,60.19
38437,60.19
38447,60.19
38457,60.19
38467,60.19
38477,60.19
38487,60.19
38497,60.19
38507,60.19
38518,60.19
38528,60.19
38538,60.19
38548,60.19
38558,60.19
38568,60.19
38578,60.19
38588,60.19
38598,60.19
38608,60.19
38618,60.2
38628,60.2
38638,60.2
38648,60.2
38658,60.2
38668,60.2
38678,60.2
38688,60.2
38698,60.2
38708,60.2
38718,60.2
38728,60.2
38738,60.2
38748,60.2
38758,60.2
38768,60.2
38778,60.2
38788,60.2
38798,60.2
38808,60.2
38818,60.2
38828,60.2
38838,60.2
38849,60.2
38859,60.2
38869,60.2
38879,60.2
38889,60.2
38899,60.2
38909,60.2
38919,60.2
38930,60.2
38940,60.2
38950,60.2
38960,60.2
38970,60.2
38980,60.2
38990,60.2
39000,60.2
39011,60.2
39021,60.2
39031,60.2
39041,60.2
39051,60.2
39061,60.2
39071,60.2
39081,60.2
39092,60.2
39102,60.2
39112,60.2
39122,60.2
39132,60.2
39142,60.2
39152,60.2
39163,60.2
39173,60.2
39183,60.2
39193,60.2
39203,60.2
39213,60.2
39223,60.2
39233,60.2
39244,60.2
39254,60.2
39264,60.2
39274,60.2
39284,60.2
39294,60.21
39304,60.21
39314,60.21
39325,60.21
39335,60.21
39345,60.21
39355,60.21
39365,60.21
39375,60.21
39385,60.21
39395,60.21
39406,60.21
39416,60.21
39426,60.21
39436,60.21
39446,60.21
39456,60.21
39466,60.21
39477,60.21
39486,60.21
39496,60.21
39506,60.21
39516,60.21
39526,60.21
39536,60.21
39546,60.21
39557,60.21
39567,60.21
39577,60.21
39587,60.21
39597,60.21
39607,60.21
39617,60.21
39627,60.21
39637,60.21
39647,60.21
39657,60.21
39667,60.21
39677,60.21
39687,60.21
39697,60.21
39707,60.21
39718,60.21
39728,60.21
39738,60.21
39748,60.21
39758,60.21
39768,60.21
39778,60.21
39789,60.21
39799,60.21
39809,60.21
39819,60.21
39829,60.21
39839,60.21
39849,60.21
39859,60.21
39870,60.21
39880,60.21
39890,60.21
39900,60.21
39910,60.21
39920,60.21
39930,60.21
39940,60.21
39951,60.21
39961,60.21
39971,60.21
39981,60.21
39991,60.22
40001,60.22
40011,60.22
40021,60.22
40031,60.22
40041,60.22
40051,60.22
40061,60.22
40071,60.22
40081,60.22
40091,60.22
40101,60.22
40111,60.22
40121,60.22
40131,60.22
40141,60.22
40151,60.22
40161,60.22
40171,60.22
40181,60.22
40191,60.22
40201,60.22
40211,60.22
40221,60.22
40231,60.22
40241,60.22
40251,60.22
40261,60.22
40272,60.22
40282,60.22
40292,60.22
40302,60.22
40312,60.22
40322,60.22
40332,60.22
40342,60.22
40353,60.22
40363,60.22
40373,60.22
40383,60.22
40393,60.22
40403,60.22
40413,60.22
40423,60.22
40434,60.22
40444,60.22
40454,60.22
40464,60.22
40474,60.22
40484,60.22
40494,60.22
40504,60.22
40514,60.22
40524,60.22
40534,60.22
40544,60.22
40554,60.22
40564,60.22
40574,60.22
40584,60.22
40594,60.22
40604,60.22
40614,60.22
40624,60.22
40634,60.22
40644,60.22
40654,60.22
40664,60.22
40675,60.22
40685,60.23
40695,60.23
40705,60.23
40715,60.23
40725,60.23
40735,60.23
40745,60.23
40756,60.23
40766,60.23
40776,60.86
40786,61.5
40796,61.5
40806,61.5
40816,61.5
40827,61.5
40837,61.5
40847,61.51
40857,61.51
40867,61.51
40877,61.51
40887,61.51
40897,61.51
40907,61.51
40917,61.51
40927,61.51
40937,61.51
40947,61.51
40957,61.51
40967,61.51
40977,61.51
40987,61.51
40997,61.51
41007,61.51
41017,61.51
41027,61.51
41037,61.51
41047,61.51
41057,61.51
41067,61.51
41078,61.51
41088,61.51
41098,61.51
41108,61.51
41118,61.51
41128,61.51
41138,61.51
41148,61.51
41159,61.51
41168,61.51
41178,61.51
41188,61.51
41198,61.51
41208,61.51
41218,61.51
41222,61.6,task,start,1,0,6.0
41222,61.6,task,end,1,0,0.0
41229,61.75
41239,62.04
41248,62.42,task,start,1,0,7.0
41248,62.42,task,end,1,0,3.0
41249,62.42
41261,62.72
41271,62.72
41281,62.72
41291,62.72
41301,62.72
41311,62.72
41321,62.72
41331,62.72
41341,62.72
41351,62.72
41361,62.72
41371,62.72
41381,62.72
41391,62.72
41401,62.72
41411,62.72
41421,62.72
41431,62.72
41441,62.72
41451,62.72
41461,62.72
41471,62.72
41481,62.72
41491,62.72
41501,62.72
41511,62.72
41521,62.72
41531,62.72
41541,62.72
41551,62.72
41561,62.72
41571,62.72
41581,62.72
41591,62.72
41601,62.72
41611,62.72
41621,62.72
41631,62.72
41641,62.72
41651,62.72
41661,62.72
41671,62.72
41681,62.72
41691,62.72
41701,62.72
41711,62.72
41721,62.72
41731,62.72
41741,62.72
41751,62.72
41761,62.72
41771,62.72
41781,62.73
41791,62.73
41801,62.73
41811,62.73
41821,62.73
41831,62.73
41841,62.73
41851,62.73
41861,62.73
41871,62.73
41881,62.73
41891,62.73
41901,62.73
41911,62.73
41917,62.82,task,start,1,0,8.0
41917,62.98,task,end,1,0,2.0
41921,62.98
41931,62.98
41941,62.98
41951,62.98
41962,62.98
41972,62.98
41982,62.98
41992,62.98
42002,62.98
42012,62.98
42022,62.98
42033,62.98
42043,62.98
42053,62.98
42063,62.98
42073,62.98
42083,62.98
42093,62.98
42103,62.98
42114,62.98
42124,62.98
42134,62.98
42144,62.98
42154,62.98
42164,62.98
42174,62.98
42181,63.07,task,end,1,0,5.0
42185,63.22
42195,63.22
42205,63.22
42215,63.22
42225,63.22
42235,63.22
42245,63.22
42255,63.22
42265,63.22
42275,63.22
42285,63.22
42295,63.22
42305,63.22
42315,63.22
42325,63.22
42335,63.22
42345,63.22
42355,63.22
42365,63.22
42375,63.22
42386,63.22
42396,63.22
42406,63.22
42416,63.22
42426,63.22
42436,63.22
42446,63.22
42456,63.22
42467,63.22
42477,63.22
42487,63.22
42497,63.22
42507,63.22
42517,63.22
42527,63.22
42537,63.22
42548,63.22
42558,63.22
42568,63.22
42578,63.22
42588,63.22
42598,63.22
42608,63.22
42619,63.22
42629,63.22
42639,63.22
42649,63.22
42659,63.22
42669,63.22
42680,63.22
42690,63.22
42700,63.22
42710,63.22
42720,63.22
42730,63.22
42740,63.22
42750,63.22
42760,63.22
42770,63.22
42780,63.22
42790,63.22
42800,63.22
42810,63.22
42821,63.22
42831,63.22
42841,63.23
42851,63.23
42861,63.23
42871,63.23
42881,63.23
42891,63.23
42902,63.23
42912,63.23
42922,63.23
42932,63.23
42942,63.23
42952,63.23
42962,63.23
42972,63.23
42983,63.23
42993,63.23
43003,63.23
43013,63.23
43023,63.23
43033,63.23
43043,63.23
43053,63.23
43064,63.23
43074,63.23
43084,63.23
43094,63.23
43104,63.23
43114,63.23
43124,63.23
43134,63.23
43145,63.23
43155,63.23
43165,63.23
43175,63.23
43185,63.23
43195,63.23
43205,63.23
43215,63.23
43225,63.23
43235,63.23
43245,63.23
43255,63.23
43265,63.23
43275,63.23
43285,63.23
43295,63.23
43305,63.23
43315,63.23
43325,63.23
43335,63.23
43345,63.23
43355,63.23
43365,63.23
43375,63.23
43385,63.23
43396,63.23
43406,63.23
43416,63.23
43426,63.23
43436,63.23
43446,63.23
43456,63.23
43466,63.23
43477,63.23
43487,63.23
43497,63.23
43507,63.23
43517,63.23
43527,63.23
43537,63.24
43548,63.24
43557,63.24
43567,63.24
43577,63.24
43587,63.24
43597,63.24
43607,63.24
43617,63.24
43628,63.24
43638,63.24
43648,63.24
43658,63.24
43668,63.24
43678,63.24
43688,63.24
43698,63.24
43709,63.24
43719,63.24
43729,63.24
43739,63.24
43749,63.24
43759,63.24
43769,63.24
43779,63.24
43790,63.24
43800,63.24
43810,63.24
43820,63.24
43830,63.24
43840,63.24
43850,63.24
43860,63.24
43871,63.24
43881,63.24
43891,63.24
43901,63.24
43911,63.24
43921,63.24
43931,63.24
43941,63.24
43951,63.24
43961,63.24
43971,63.24
43981,63.24
43991,63.24
44001,63.24
44011,63.24
44021,63.24
44032,63.24
44042,63.24
44052,63.24
44062,63.24
44072,63.24
44082,63.24
44092,63.24
44102,63.24
44113,63.24
44123,63.24
44133,63.24
44143,63.24
44153,63.24
44163,63.24
44173,63.24
44183,63.24
44194,63.24
44204,63.24
44214,63.25
44224,63.25
44234,63.25
44244,63.25
44254,63.25
44264,63.25
44275,63.25
44285,63.25
44295,63.25
44305,63.25
44315,63.25
44325,63.25
44335,63.25
44345,63.25
44356,63.25
44366,63.25
44376,63.25
44386,63.25
44396,63.25
44406,63.25
44416,63.25
44426,63.25
44436,63.25
44446,63.25
44456,63.25
44466,63.25
44476,63.25
44486,63.25
44497,63.25
44507,63.25
44517,63.25
44527,63.25
44537,63.25
44547,63.25
44557,63.25
44567,63.25
44578,63.25
44588,63.25
44598,63.25
44608,63.25
44618,63.25
44628,63.83
44638,63.83
44648,63.83
44658,63.83
44668,63.83
44678,63.83
44688,63.83
44698,63.83
44708,63.83
44718,63.83
44728,63.83
44739,63.83
44749,63.83
44759,63.83
44769,63.83
44779,63.83
44789,63.83
44799,63.83
44809,63.83
44820,63.83
44830,63.83
44840,63.83
44850,63.83
44860,63.83
44870,63.83
44880,63.83
44890,63.83
44901,63.83
44911,63.83
44921,63.83
44931,63.83
44941,63.83
44951,63.83
44961,63.83
44971,63.83
44981,63.83
44991,63.83
45001,63.83
45011,63.83
45021,63.83
45031,63.83
45041,63.83
45051,63.83
45062,63.83
45072,63.83
45082,63.83
45092,63.83
45102,63.83
45112,63.83
45122,63.83
45133,63.83
45143,63.83
45153,63.83
45163,63.83
45173,63.83
45183,63.83
45193,63.83
45203,63.83
45214,63.83
45224,63.83
45234,63.83
45244,63.83
45254,63.83
45264,63.83
45274,63.83
45284,63.83
45294,63.84
45304,63.84
45314,63.84
45324,63.84
45334,63.84
45344,63.84
45354,63.84
45364,63.84
45374,63.84
45384,63.84
45394,63.84
45404,63.84
45414,63.84
45424,63.84
45434,63.84
45444,63.84
45454,63.84
45465,63.84
45469,63.93,task,end,1,0,1.0
45475,63.93
45485,63.93
45495,63.93
45505,63.93
45515,63.93
45525,63.93
45531,63.93,task,end,1,0,4.0
45536,63.93
45546,63.93
45556,63.93
45566,63.93
45576,63.93
45586,63.93
45596,63.93
45606,63.93
45616,63.93
45627,63.93
45637,63.93
45647,63.93
45657,63.93
45667,63.93
45677,63.93
45687,63.93
45697,63.93
45708,63.93
45718,63.93
45728,63.93
45738,63.93
45748,63.93
45758,63.93
45768,63.93
45778,63.93
45789,63.93
45799,63.93
45809,63.93
45819,63.93
45829,63.93
45839,63.93
45849,63.93
45859,63.93
45870,63.93
45880,63.93
45890,63.94
45900,63.94
45910,63.94
45920,63.94
45930,63.94
45940,63.94
45950,63.94
45960,63.94
45970,63.94
45980,63.94
45990,63.94
46000,63.94
46010,63.94
46020,63.94
46030,63.94
46040,63.94
46050,63.94
46060,63.94
46070,63.94
46080,63.94
46090,63.94
46100,63.94
46110,63.94
46120,63.94
46130,63.94
46140,63.94
46150,63.94
46160,63.94
46170,63.94
46180,63.94
46190,63.94
46200,63.94
46210,63.94
46220,63.94
46230,63.94
46240,63.94
46250,63.94
46260,63.94
46270,63.94
46280,63.94
46290,63.94
46300,63.94
46310,63.94
46320,63.94
46330,63.94
46340,63.94
46350,63.94
46360,63.94
46370,63.94
46380,63.94
46390,63.94
46400,63.94
46410,63.94
46420,63.94
46430,63.94
46440,63.94
46450,63.94
46460,63.94
46470,63.94
46480,63.94
46490,63.94
46500,63.94
46510,63.94
46521,63.94
46531,63.94
46541,63.94
46551,63.94
46561,63.94
46571,63.94
46581,63.95
46591,63.95
46602,63.95
46612,63.95
46622,63.95
46632,63.95
46642,63.95
46652,63.95
46662,63.95
46672,63.95
46683,63.95
46693,63.95
46703,63.95
46713,63.95
46723,63.95
46733,63.95
46743,63.95
46753,63.95
46764,63.95
46774,63.95
46784,63.95
46794,63.95
46804,63.95
46814,63.95
46824,63.95
46834,63.95
46845,63.95
46855,63.95
46865,63.95
46875,63.95
46885,63.95
46895,63.95
46905,63.95
46915,63.95
46926,63.95
46936,63.95
46946,63.95
46956,63.95
46966,63.95
46976,63.95
46986,63.95
46996,63.95
47007,63.95
47017,63.95
47027,63.95
47037,63.95
47047,63.95
47057,63.95
47067,63.95
47077,63.95
47088,63.95
47098,63.95
47108,63.95
47118,63.95
47128,63.95
47138,63.95
47148,63.95
47158,63.95
47168,63.95
47178,63.95
47188,63.95
47198,63.95
47208,63.95
47218,63.95
47228,63.95
47238,63.95
47248,63.95
47258,63.96
47268,63.96
47278,63.96
47288,63.96
47298,63.96
47308,63.96
47318,63.96
47328,63.96
47338,63.96
47348,63.96
47358,63.96
47368,63.96
47378,63.96
47388,63.96
47398,63.96
47408,63.96
47418,63.96
47428,63.96
47438,63.96
47448,63.96
47458,63.96
47468,63.96
47478,63.96
47489,63.96
47498,63.96
47508,63.96
47518,63.96
47528,63.96
47538,63.96
47548,63.96
47558,63.96
47569,63.96
47579,63.96
47589,63.96
47599,63.96
47609,63.96
47619,63.96
47629,63.96
47639,63.96
47650,63.96
47660,63.96
47670,63.96
47680,63.96
47690,63.96
47700,63.96
47710,63.96
47720,63.96
47731,63.96
47741,63.96
47751,63.96
47761,63.96
47771,63.96
47781,63.96
47791,63.96
47801,63.96
47811,63.96
47821,63.96
47831,63.96
47841,63.96
47851,63.96
47861,63.96
47871,63.96
47881,63.96
47891,63.96
47901,63.96
47911,63.96
47921,63.96
47931,63.96
47941,63.96
47951,63.97
47961,63.97
47971,63.97
47981,63.97
47991,63.97
48001,63.97
48011,63.97
48021,63.97
48031,63.97
48041,63.97
48052,63.97
48062,63.97
48072,63.97
48082,63.97
48092,63.97
48102,63.97
48112,63.97
48122,63.97
48133,63.97
48143,64.09
48153,64.09
48163,64.09
48173,64.09
48183,64.09
48193,64.09
48203,64.09
48214,64.09
48224,64.09
48234,64.09
48244,64.09
48254,64.09
48264,64.09
48274,64.09
48284,64.09
48295,64.09
48305,64.09
48315,64.09
48325,64.09
48335,64.09
48345,64.09
48355,64.09
48365,64.09
48375,64.09
48385,64.09
48395,64.09
48405,64.09
48415,64.09
48425,64.09
48435,64.09
48445,64.09
48455,64.09
48465,64.09
48475,64.09
48485,64.09
48495,64.09
48505,64.09
48515,64.09
48525,64.09
48535,64.09
48545,64.09
48555,64.09
48565,64.09
48575,64.09
48585,64.09
48595,64.09
48605,64.09
48615,64.09
48625,64.09
48635,64.09
48645,64.09
48655,64.09
48665,64.09
48675,64.09
48686,64.09
48696,64.1
48706,64.1
48716,64.1
48726,64.1
48736,64.1
48746,64.1
48756,64.1
48767,64.1
48777,64.1
48787,64.1
48797,64.1
48807,64.1
48817,64.1
48827,64.1
48837,64.1
48848,64.1
48858,64.1
48868,64.1
48878,64.1
48888,64.1
48898,64.1
48908,64.1
48918,64.1
48928,64.1
48938,64.1
48948,64.1
48958,64.1
48968,64.1
48978,64.1
48988,64.1
48998,64.1
49009,64.1
49019,64.1
49029,64.1
49039,64.1
49049,64.1
49059,64.1
49069,64.1
49079,64.1
49089,64.1
49099,64.1
49109,64.1
49119,64.1
49129,64.1
49139,64.1
49149,64.1
49159,64.1
49169,64.1
49179,64.1
49189,64.1
49199,64.1
49209,64.1
49219,64.1
49229,64.1
49239,64.1
49249,64.1
49259,64.1
49269,64.1
49279,64.1
49289,64.1
49299,64.1
49309,64.1
49319,64.1
49329,64.1
49339,64.1
49349,64.1
49359,64.1
49369,64.1
49379,64.1
49389,64.1
49399,64.11
49409,64.11
49420,64.11
49430,64.11
49440,64.11
49450,64.11
49460,64.11
49470,64.11
49480,64.11
49491,64.11
49501,64.11
49511,64.11
49515,64.11,task,end,1,0,8.0
49521,64.25
49531,64.25
49541,64.25
49551,66.83
49561,66.83
49571,66.83
49581,66.83
49591,66.83
49601,66.83
49611,66.83
49621,66.83
49631,66.83
49641,66.83
49651,66.83
49661,66.83
49671,66.83
49681,66.83
49691,66.83
49701,66.83
49711,66.83
49722,66.83
49732,66.83
49742,66.84
49752,66.84
49762,66.84
49772,66.84
49782,66.84
49792,66.84
49802,66.84
49812,66.84
49822,66.84
49832,66.84
49842,66.84
49852,66.84
49862,66.84
49872,66.84
49883,66.84
49893,66.84
49903,66.84
49913,66.84
49923,66.84
49933,66.84
49943,66.84
49953,66.84
49964,66.84
49974,66.84
49984,66.84
49994,66.84
50004,66.84
50014,66.84
50024,66.84
50034,66.84
50045,66.84
50055,66.84
50065,66.84
50075,66.84
50085,66.84
50095,66.84
50105,66.84
50115,66.84
50126,66.84
50136,66.84
50146,66.84
50156,66.84
50166,66.84
50176,66.84
50186,66.84
50196,66.84
50207,66.84
50217,66.84
50227,66.84
50237,66.84
50247,66.84
50257,66.84
50267,66.84
50277,66.84
50288,66.84
50298,66.84
50308,66.84
50318,66.84
50328,66.84
50338,66.84
50348,66.84
50358,66.84
50369,66.84
50379,66.84
50389,66.84
50399,66.84
50409,66.84
50419,66.84
50429,66.84
50439,66.84
50449,66.84
50459,66.84
50469,66.84
50479,66.84
50489,66.84
50499,66.84
50509,66.84
50519,66.84
50529,66.84
50540,66.84
50550,66.84
50560,66.84
50570,66.84
50580,66.84
50590,66.84
50600,66.84
50610,66.84
50620,66.84
50630,66.84
50640,66.84
50650,66.84
50660,66.84
50670,66.84
50680,66.84
50690,66.84
50700,66.84
50711,66.84
50721,66.84
50731,66.84
50741,66.84
50751,66.84
50761,66.84
50772,66.84
50782,66.85
50792,66.85
50803,67.71
50813,67.71
50823,67.71
50833,67.71
50843,67.71
50853,67.71
50863,67.71
50873,67.71
50884,67.71
50893,67.71
50903,67.71
50913,67.71
50923,67.71
50933,67.71
50943,67.71
50953,67.71
50963,67.71
50974,67.71
50984,67.71
50988,67.71,task,end,1,0,7.0
50994,67.71
51004,67.71
51014,67.71
51024,67.71
51034,67.71
51044,67.71
51054,67.71
51064,67.71
51074,67.71
51084,67.71
51094,67.71
51104,67.71
51114,67.71
51124,67.71
51134,67.71
51144,67.71
51154,67.71
51158,68.34,task,end,1,0,6.0
51158,68.34,stage,end
51164,68.34
51170,68.82,job,end,0
51174,70.37
51189,70.64
51199,70.64
51209,70.76
51219,70.76
51233,70.9
51243,71.39
51253,71.87
51263,72.11
51273,72.66
51284,72.9
51294,73.13
51304,73.37
51314,74.08
51324,74.31
51334,74.61
51344,75.31
51354,76.02
51364,76.49
51374,77.19
51384,77.66
51394,78.36
51404,79.07
51416,80.48
51426,81.65
51436,82.59
51446,84.47
51456,87.05
51466,90.1
51477,93.15
51486,96.2
51496,97.84
51506,101.6
51516,105.35
51526,108.64
51536,112.41
51546,114.69
51557,114.92
51567,115.39
51577,115.39
51587,115.63
51597,116.51
51607,116.51
51617,116.74
51628,116.98
51637,117.21
51647,117.21
51657,117.46
51667,117.93
51677,118.17
51687,118.4
51697,118.64
51708,118.87
51718,118.93
51728,119.17
51738,119.4
51748,121.98
51758,126.44
51768,130.9
51779,135.59
51789,140.05
51799,144.51
51809,149.2
51819,154.13
51829,159.06
51839,163.75
51849,167.04
51859,170.56
51871,174.08
51881,177.13
51917,56.21
51927,59.88
51937,64.54
51947,69.98
51957,75.41
51967,80.85
51977,85.51
51987,88.62
51997,93.01
52007,97.59
52017,102.53
52027,107.29
52037,112.05
52047,117.18
52057,122.49
52067,127.43
52078,132.37
52088,137.31
52098,142.07
52108,147.01
52118,151.96
52128,156.53
52138,161.66
52148,166.97
52158,171.91
52168,175.39
52178,180.25
52206,56.22
52216,60.9
52227,65.77
52237,70.35
52247,75.49
52257,80.77
52267,85.63
52277,90.49
52287,95.36
52297,100.22
52307,104.94
52317,109.53
52327,114.25
52337,119.25
52347,124.39
52357,129.53
52367,134.53
52377,138.57
52387,143.64
52398,148.39
52408,153.14
52418,157.9
52428,162.96
52438,168.03
52448,173.1
52458,177.85
52468,182.92
52490,56.32
52500,60.46
52510,65.53
52520,70.6
52530,75.31
52540,80.38
52550,85.45
52560,90.89
52571,95.59
52581,99.83
52591,104.66
52601,109.36
52611,114.43
52621,119.13
52631,124.08
52641,129.26
52651,134.36
52661,139.19
52683,55.92
52693,61.02
52703,65.63
52713,70.63
52723,75.63
52733,80.24
52743,84.85
52753,89.72
52763,95.1
52773,100.1
52783,104.47
52793,109.07
52804,113.66
52814,118.72
52824,123.77
52834,128.37
52844,133.43
52854,138.94
52890,55.93
52900,60.94
52910,65.88
52920,70.82
52930,75.21
52940,80.14
52950,84.53
52960,89.47
52970,94.41
52980,99.9
52990,104.84
53000,109.04
53010,114.27
53020,118.69
53031,123.92
53041,128.74
53051,133.17
53062,55.94
53072,60.7
53082,65.9
53092,70.62
53102,75.35
53112,80.07
53123,85.27
53133,89.99
53143,94.72
53153,99.44
53163,104.64
53173,109.84
53183,115.03
53193,118.7
53203,123.51
53213,127.7
53223,132.62
53235,55.94
53245,60.38
53255,65.63
53265,70.26
53275,75.51
53285,80.34
53295,85.18
53305,89.8
53315,94.63
53325,99.68
53335,104.3
53346,109.34
53356,114.6
53366,119.64
53380,125.31
53390,130.36
53400,56.59
53410,61.34
53420,66.07
53430,70.13
53440,74.86
53450,79.59
53460,83.65
53470,88.39
53480,93.12
53490,97.18
53500,101.91
53510,105.97
53520,110.7
53530,114.76
53541,119.49
53551,124.22
53561,128.96
53573,56.9
53583,60.97
53593,65.13
53603,69.3
53613,73.47
53623,78.16
53633,82.32
53643,87.01
53653,91.7
53663,96.91
53674,101.08
53684,105.77
53694,109.94
53704,114.63
53714,119.23
53724,123.91
53734,128.08
53744,132.77
53755,58.6
53765,62.89
53775,68.03
53785,71.9
53795,75.91
53805,80.36
53815,84.81
53826,89.27
53836,93.72
53846,98.18
53856,103.08
53866,107.98
53876,112.43
53886,116.89
53897,121.35
53906,125.36
53916,129.81
53928,56.7
53938,60.5
53948,65.05
53958,69.61
53968,74.92
53978,79.47
53988,83.26
53998,87.59
54008,91.91
54018,96.24
54029,101.28
54039,105.6
54049,109.92
54059,114.97
54069,120.01
54079,124.33
54089,128.66
54100,133.7
54112,55.96
54122,61.04
54132,65.27
54142,69.5
54152,73.73
54162,77.97
54172,83.05
54182,88.13
54193,92.2
54203,96.35
54213,100.5
54223,104.64
54233,109.49
54243,113.63
54254,118.47
54264,122.62
54274,127.46
54284,132.3
54294,136.95
54304,59.25
54314,63.36
54325,68.28
54335,72.39
54346,76.49
54356,80.59
54366,85.52
54376,90.44
54386,94.55
54396,98.78
54406,102.57
54416,107.02
54426,111.47
54436,115.92
54446,120.37
54456,124.82
54466,129.27
54476,133.72
54486,138.91
54498,55.99
54508,60.69
54518,65.39
54529,69.3
54538,73.22
54548,77.92
54558,82.62
54568,86.54
54578,92.02
54588,96.72
54598,100.64
54609,103.7
54619,103.7
54629,103.7
54639,104.46
54649,104.46
54659,105.23
54669,105.23
54679,105.99
54690,105.99
54700,105.99
54710,106.76
54720,106.76
54730,106.76
54740,107.52
54750,107.52
54760,108.36
54771,109.12
54781,109.12
54791,110.5
54801,110.5
54811,111.03
54821,111.03
54831,111.03
54842,111.03
54852,111.03
54862,111.77
54872,112.53
54882,112.61
54892,113.26
54902,113.26
54913,113.26
54923,113.26
54933,113.26
54943,113.26
54953,113.26
54963,113.26
54973,113.26
54983,113.26
54993,113.26
55003,113.26
55013,113.26
55023,113.27
55033,113.27
55043,113.27
55053,113.27
55063,113.27
55074,113.27
55084,113.27
55094,113.27
55104,113.27
55114,113.27
55124,113.27
55134,113.27
55144,113.27
55155,113.27
55165,113.28
55175,113.28
55185,113.28
55195,113.28
55205,113.28
55215,113.28
55225,113.28
55235,113.28
55245,113.28
55255,113.28
55265,113.28
55275,113.28
55285,113.28
55295,113.28
55306,113.28
55316,113.28
55326,113.28
55336,113.28
55346,113.29
55356,113.29
55366,113.29
55377,113.29
55387,113.29
55397,113.47
55407,113.47
55417,113.83
55428,114.75
55438,114.75
55448,114.75
55458,114.75
55468,114.75
55479,114.76
55489,114.76
55499,114.76
55509,114.76
55519,114.76
55529,114.76
55539,114.76
55549,114.76
55560,114.76
55570,114.76
55580,114.76
55590,114.76
55600,114.76
55610,114.76
55620,114.76
55630,114.76
55641,114.76
55651,115.04
55661,115.04
55671,115.04
55682,115.48
55692,115.48
55702,115.48
55712,115.48
55722,115.48
55732,115.48
55742,115.48
55752,115.48
55762,115.48
55772,115.48
55782,115.48
55792,115.48
55802,115.48
55812,115.49
55822,115.49
55832,115.49
55842,115.49
55852,115.49
55862,115.49
55872,115.49
55882,115.49
55892,115.49
55902,115.49
55913,115.49
55923,115.49
55933,115.49
55943,115.49
55953,115.49
55963,115.5
55973,115.5
55983,115.5
55994,115.5
56004,115.5
56014,115.5
56024,115.5
56034,115.5
56044,115.5
56054,115.5
56064,115.5
56075,115.5
56085,115.5
56095,115.5
56105,115.5
56115,115.5
56125,115.72
56135,116.41
56146,116.55
56189,116.56
56199,117.08
56209,117.61
56219,118.17
56229,118.42
56239,121.58
56250,124.75
56260,125.8
56270,127.91
56280,131.07
56290,133.99
56300,133.99
56310,135.59
56321,135.64
56331,135.64
56341,135.64
56351,135.64
56361,135.64
56371,135.65
56381,135.77
56392,136.25
56408,136.64
56418,136.73
56428,138.51
56438,138.51
56448,138.86
56458,139.5
56469,139.5
56479,139.5
56489,139.5
56499,139.5
56509,140.4
56521,140.75
56531,141.1
56542,141.71
