277,120.06
506,120.06
516,120.06
526,120.06
536,120.06
546,120.06
556,120.06
567,120.06
577,120.06
587,120.06
597,120.06
607,120.06
617,120.06
628,120.06
638,120.06
648,120.06
658,120.06
668,120.06
678,120.06
689,120.06
699,120.06
709,120.06
719,120.06
729,120.06
739,120.06
749,120.06
759,120.06
769,120.06
779,120.06
789,120.06
799,120.06
809,120.06
819,120.06
829,120.06
839,120.06
849,120.06
859,120.06
869,120.06
879,120.06
889,120.06
899,120.06
909,120.06
919,120.06
929,120.06
939,120.06
949,120.06
959,120.06
969,140.07
979,140.07
989,140.07
999,140.07
1009,140.07
1019,140.07
1029,140.07
1039,140.07
1049,140.07
1059,140.07
1069,140.07
1079,140.07
1089,140.07
1099,140.07
1110,140.07
1120,140.07
1133,140.07
1143,140.07
1153,140.07
1163,140.07
1173,140.07
1184,140.07
1194,140.07
1204,140.07
1214,140.07
1224,140.07
1234,140.07
1244,140.07
1254,140.07
1264,140.07
1274,140.07
1284,140.07
1294,140.07
1304,140.07
1315,140.07
1325,140.07
1335,140.07
1345,140.07
1355,140.07
1366,140.07
1376,140.07
1386,140.07
1396,140.07
1406,140.07
1416,140.07
1426,140.07
1436,140.07
1446,140.07
1456,140.07
1466,140.07
1476,140.07
1488,140.07
1498,140.07
1508,140.07
1518,140.07
1528,140.07
1538,140.07
1548,160.11
1558,160.11
1568,160.11
1578,160.11
1588,160.11
1598,160.11
1608,160.11
1618,160.11
1628,160.11
1638,160.11
1650,160.11
1660,160.11
1670,160.11
1680,160.11
1690,160.11
1700,160.11
1710,160.11
1720,160.11
1730,160.11
1740,160.11
1750,160.11
1760,160.11
1770,160.11
1780,160.11
1790,160.11
1800,160.11
1810,160.11
1825,160.11
1835,160.11
1845,160.11
1855,160.11
1865,160.11
1876,160.11
1886,160.11
1896,160.11
1906,160.11
1916,160.11
1926,160.11
1937,160.11
1947,160.11
1957,160.11
1967,160.11
1977,160.11
1988,160.11
1998,160.11
2008,160.11
2018,160.11
2028,160.11
2038,160.11
2048,160.11
2058,160.11
2068,160.11
2078,160.11
2088,160.11
2098,160.11
2108,160.11
2118,160.11
2128,160.11
2141,160.11
2151,160.11
2161,160.11
2171,160.11
2181,160.11
2191,160.11
2202,160.11
2212,160.11
2222,160.11
2232,160.11
2242,160.11
2252,160.11
2262,160.11
2272,160.11
2282,160.11
2292,160.11
2302,160.11
2312,180.14
2322,180.14
2332,180.14
2342,180.14
2352,180.14
2362,180.14
2372,180.14
2382,180.14
2392,180.14
2403,180.14
2413,180.14
2423,180.14
2433,180.14
2443,180.14
2453,180.14
2464,180.14
2474,180.14
2484,180.14
2494,180.14
2504,180.14
2514,180.14
2524,180.14
2535,180.14
2545,180.14
2555,180.14
2565,180.14
2575,200.18
2586,200.18
2595,260.3
2605,260.3
2615,260.3
2625,260.3
2635,260.3
2646,260.3
2656,260.3
2666,260.3
2676,280.35
2686,280.35
2696,280.35
2706,280.35
2716,280.35
2726,280.35
2736,300.39
2746,300.39
2757,300.39
2767,300.39
2777,320.4
2787,320.4
2797,320.4
2807,320.4
2817,320.4
2827,320.4
2837,360.42
2847,360.42
2857,360.42
2867,420.45
2877,440.46
2888,440.46
2898,440.46
2908,440.46
2918,440.46
2928,440.46
2938,440.46
2949,440.46
2958,440.46
2968,440.46
2978,440.46
2988,440.46
2998,440.46
3008,440.46
3018,440.46
3028,440.46
3038,440.46
3048,440.46
3058,440.46
3068,440.46
3079,440.46
3089,440.46
3099,440.46
3109,440.46
3119,440.46
3129,440.46
3140,440.46
3150,440.46
3160,440.46
3170,440.46
3180,440.46
3190,460.47
3200,460.47
3210,460.47
3220,460.47
3230,460.47
3240,460.47
3250,460.47
3260,460.47
3273,460.47
3283,460.47
3293,460.47
3304,480.48
3314,480.48
3324,480.48
3334,480.48
3344,480.48
3354,480.48
3364,480.48
3374,480.48
3384,480.48
3394,480.48
3406,480.48
3416,480.48
3426,480.48
3436,480.48
3446,480.48
3460,480.48
3470,480.48
3480,480.48
3490,480.48
3500,480.48
3510,480.48
3521,480.48
3531,480.49
3543,480.49
3553,500.53
3563,560.65
3573,620.77
3583,660.79
3593,740.83
3604,821.0
3614,821.0
3624,841.01
3634,841.01
3644,841.01
3654,841.01
3665,841.01
3675,861.03
3685,861.03
3695,861.03
3705,861.03
3715,861.03
3725,861.03
3735,861.03
3745,861.03
3755,861.03
3765,861.03
3775,861.03
3785,881.04
3796,881.04
3806,881.04
3816,881.04
3826,881.04
3836,881.04
3846,881.04
3856,881.04
3867,881.04
3877,881.04
3887,881.04
3897,881.04
3907,881.04
3917,881.04
3927,881.04
3937,881.04
3947,881.04
3957,881.04
3970,881.04
3980,881.04
3990,881.04
4000,881.04
4010,881.04
4020,881.04
4030,881.04
4040,881.04
4050,881.04
4060,901.05
4070,901.05
4080,901.05
4090,901.05
4100,901.05
4110,901.05
4120,901.05
4130,901.05
4140,901.05
4150,901.05
4161,901.05
4171,901.05
4181,901.05
4191,901.05
4201,901.05
4211,901.05
4221,901.05
4232,901.05
4242,901.05
4252,901.05
4262,921.06
4272,921.06
4282,921.06
4292,921.06
4302,921.06
4312,921.06
4322,921.06
4332,921.06
4342,921.06
4352,921.06
4362,921.06
4372,921.06
4382,921.06
4392,941.07
4402,941.07
4412,941.07
4422,941.07
4432,961.08
4442,961.08
4452,961.08
4462,961.08
4472,961.08
4482,1000.5
4535,32.83
4538,53.24,task,start,2,1,49,0,0
4542,53.24,task,start,3,1,49,0,0
4547,73.65
4557,73.65
4568,73.65
4577,73.65
4587,73.65
4597,73.65
4607,73.65
4620,73.65
4630,73.65
4640,73.65
4650,73.65
4660,73.65
4670,73.65
4680,73.65
4691,73.65
4701,73.65
4711,73.65
4721,73.65
4731,73.65
4741,73.65
4752,73.65
4761,73.65
4771,73.65
4781,73.65
4791,73.65
4801,73.65
4813,73.65
4823,73.65
4833,73.65
4843,73.65
4853,73.65
4863,73.65
4874,73.65
4884,94.06
4894,94.06
4909,95.31
4919,95.31
4930,95.31
4940,95.31
4950,95.31
4960,95.32
4970,112.57
4980,112.57
4990,112.57
5001,112.57
5011,112.57
5021,112.57
5031,112.57
5041,112.57
5051,112.57
5061,112.57
5072,112.57
5082,112.57
5092,112.57
5102,112.57
5112,112.57
5122,112.57
5132,112.57
5142,113.82
5152,113.82
5162,113.82
5172,124.03
5173,124.03,persist,memory,2274
5182,124.03
5192,124.03
5202,124.03
5212,124.03
5222,124.03
5232,124.03
5242,124.03
5252,124.03
5262,124.03
5272,124.03
5282,124.03
5292,124.03
5302,124.03
5312,124.03
5322,124.03
5331,124.03,persist,memory,3912
5332,124.03
5342,124.03
5352,124.03
5362,124.03
5372,124.03
5382,124.03
5392,124.03
5402,124.03
5412,124.03
5422,124.03
5432,134.23,persist,memory,3818
5432,134.23
5442,134.23
5453,134.23
5463,144.44
5473,144.44
5483,144.44
5493,154.64
5503,154.65
5513,154.65
5524,154.65
5534,154.65
5544,154.65
5554,154.65
5564,154.65
5574,154.65
5584,154.65
5594,154.65
5604,154.65
5611,154.65,persist,memory,41160
5614,154.65
5624,154.65
5634,154.65
5644,154.65
5654,154.65
5664,154.65
5674,154.65
5684,154.65
5694,154.65
5704,154.65
5714,154.65
5725,154.65
5735,154.65
5745,154.65
5755,154.65
5765,154.65
5775,154.65
5785,154.65
5795,154.65
5805,154.65
5815,154.65
5825,154.65
5835,154.65
5845,154.65
5856,154.65
5866,155.9
5876,155.9
5886,155.9
5896,155.9
5906,155.91
5916,155.91
5926,155.91
5936,155.91
5946,155.91
5956,155.91
5966,155.91
5976,155.91
5987,155.91
5997,166.11
6007,166.11
6017,166.11
6028,166.11
6038,166.11
6048,166.11
6058,166.11
6068,166.11
6078,166.11
6088,166.11
6098,166.11
6108,166.11
6118,166.11
6128,166.11
6138,166.11
6148,166.11
6158,166.11
6168,166.11
6178,166.11
6188,166.11
6198,166.11
6208,166.11
6218,166.11
6229,166.11
6239,166.11
6249,166.11
6259,166.11
6269,166.11
6279,166.11
6289,166.12
6299,166.12
6309,166.12
6319,166.12
6329,166.12
6339,166.12
6349,166.12
6360,166.12
6370,166.12
6380,166.12
6390,166.12
6400,166.12
6410,166.12
6420,166.12
6431,166.12
6441,166.12
6451,166.12
6461,166.12
6471,166.12
6481,166.12
6491,166.12
6502,166.12
6512,166.12
6522,166.12
6532,166.12
6542,166.12
6552,166.12
6562,166.12
6573,166.12
6583,166.12
6593,166.12
6603,166.12
6613,166.12
6623,166.12
6633,166.12
6643,166.12
6653,166.12
6663,176.33
6673,176.33
6683,176.33
6694,176.33
6704,176.33
6714,186.53
6724,186.53
6734,186.53
6744,186.53
6754,186.53
6764,186.53
6781,186.53
6792,186.53
6802,186.53
6812,186.53
6822,186.53
6832,186.53
6842,186.53
6852,186.53
6863,186.53
6873,186.53
6883,186.53
6893,186.53
6903,186.53
6913,186.53
6923,186.53
6934,186.53
6944,186.54
6954,186.54
6964,186.54
6974,186.54
6984,186.54
6994,186.54
7005,186.54
7015,186.54
7025,186.54
7035,186.54
7045,186.54
7055,186.54
7065,186.54
7076,186.54
7086,186.54
7096,186.54
7106,186.54
7116,186.54
7126,186.54
7136,186.54
7147,186.54
7157,186.54
7167,186.54
7177,186.54
7188,186.54
7198,186.54
7208,186.54
7218,186.54
7228,186.54
7238,186.54
7248,186.54
7258,186.54
7268,186.54
7278,186.54
7288,186.54
7298,186.54
7308,186.54
7318,186.54
7328,186.54
7338,186.54
7348,186.54
7363,186.54
7373,186.54
7383,186.54
7393,186.54
7403,186.54
7413,186.54
7423,186.54
7433,186.54
7443,186.54
7453,186.54
7463,186.54
7474,186.54
7483,186.54
7493,186.54
7503,186.54
7513,186.54
7523,186.54
7533,186.54
7544,186.54
7554,186.54
7564,186.54
7574,186.54
7584,186.54
7594,186.54
7604,186.54
7614,186.54
7624,186.54
7634,186.54
7644,186.54
7654,186.54
7664,186.54
7674,186.54
7684,186.54
7694,186.54
7704,186.54
7714,186.55
7724,186.55
7734,186.55
7745,186.55
7754,186.55
7764,186.55
7774,186.55
7784,186.55
7794,186.55
7804,186.55
7815,186.55
7825,186.55
7835,186.55
7845,186.55
7855,186.55
7865,196.75
7875,196.75
7886,196.75
7896,206.96
7906,206.96
7916,206.96
7926,206.96
7936,206.96
7946,206.96
7957,206.96
7967,206.96
7977,206.96
7987,206.96
7997,206.96
8007,206.96
8017,206.96
8028,217.16
8038,217.16
8048,217.16
8058,217.16
8068,217.16
8078,217.17
8088,227.37
8098,227.37
8108,227.37
8118,227.37
8128,227.37
8138,227.37
8148,227.37
8158,237.58
8168,237.58
8178,237.58
8188,237.58
8198,237.58
8208,237.58
8218,247.78
8228,247.78
8238,247.78
8248,247.78
8258,247.78
8268,247.78
8278,257.99
8288,257.99
8298,257.99
8308,257.99
8318,257.99
8328,268.19
8338,268.19
8348,268.19
8358,268.19
8368,278.4
8378,278.4
8388,278.4
8398,278.4
8408,278.4
8418,278.4
8428,278.4
8439,278.4
8449,288.61
8459,298.81
8469,298.81
8479,298.81
8489,298.81
8499,298.81
8509,298.81
8519,298.81
8529,298.81
8539,298.81
8549,309.02
8559,319.22
8569,319.22
8579,319.22
8589,319.22
8599,319.22
8609,319.22
8619,319.22
8629,319.22
8639,319.22
8649,319.22
8659,319.22
8669,319.22
8679,319.22
8689,319.22
8699,339.63
8709,339.63
8719,339.63
8729,339.64
8739,339.64
8749,339.64
8760,339.64
8770,339.64
8780,339.64
8790,339.64
8800,349.84
8810,360.05
8820,360.05
8830,360.05
8840,360.05
8850,360.05
8860,360.05
8870,360.05
8880,360.05
8890,370.25
8901,370.25
8911,380.46
8921,380.46
8931,380.46
8941,380.46
8951,380.46
8962,380.46
8972,380.46
8982,390.66
8992,390.66
9002,400.87
9012,400.87
9022,400.87
9033,400.87
9043,400.87
9053,400.87
9063,411.08
9073,411.08
9083,411.08
9093,411.08
9104,421.28
9114,421.28
9124,421.28
9134,421.28
9144,421.28
9154,431.49
9164,431.49
9175,431.49
9185,431.49
9195,441.69
9205,441.69
9215,441.69
9225,441.69
9235,441.69
9246,451.9
9256,451.9
9266,451.9
9276,451.9
9286,462.1
9296,462.1
9306,462.1
9317,462.1
9327,462.1
9337,472.31
9347,472.31
9357,472.31
9367,472.31
9377,472.31
9388,482.52
9398,482.52
9408,482.52
9418,482.52
9428,492.72
9438,492.72
9448,492.72
9459,492.72
9469,492.72
9479,502.93
9489,502.93
9499,502.93
9509,502.93
9519,502.93
9529,513.13
9539,513.13
9549,513.13
9559,513.13
9569,513.13
9579,523.34
9589,523.34
9599,523.34
9609,523.34
9619,533.54
9629,533.54
9639,533.54
9649,533.54
9659,533.54
9669,533.54
9679,543.75
9689,543.75
9699,545.0
9709,555.21
9719,555.21
9729,555.21
9739,555.21
9749,555.21
9759,555.21
9769,555.21
9779,565.41
9789,565.41
9800,575.62
9810,575.62
9820,575.62
9830,575.62
9840,575.62
9850,575.62
9860,575.62
9871,596.03
9881,596.03
9891,596.03
9901,596.03
9911,596.03
9921,596.03
9931,596.03
9942,596.03
9952,596.03
9962,606.23
9972,616.44
9982,616.44
9992,616.44
10002,616.44
10013,616.44
10023,616.44
10033,616.44
10043,626.65
10053,626.65
10063,636.85
10074,636.85
10084,636.85
10094,636.85
10104,636.85
10114,636.85
10124,636.85
10134,647.06
10145,647.06
10155,647.06
10165,657.26
10175,657.26
10185,657.26
10195,657.26
10205,657.26
10216,657.26
10226,657.26
10236,657.26
10246,657.26
10256,657.26
10266,657.26
10276,657.26
10286,657.26
10296,657.26
10306,657.27
10316,657.27
10326,657.27
10336,657.27
10347,657.27
10357,657.27
10367,657.27
10377,657.27
10387,657.27
10397,657.27
10407,657.27
10417,657.27
10427,677.68
10437,677.68
10447,677.68
10457,677.68
10467,677.68
10478,677.68
10488,677.68
10498,677.68
10508,677.68
10518,687.88
10528,698.09
10538,698.09
10549,698.09
10559,698.09
10569,698.09
10579,698.09
10589,698.09
10599,698.09
10609,698.09
10619,718.5
10629,718.5
10639,718.5
10649,718.5
10659,718.5
10669,718.5
10680,718.5
10690,718.5
10700,718.5
10710,728.71
10720,738.91
10730,738.91
10740,738.91
10751,738.91
10761,738.91
10771,738.91
10781,738.91
10791,738.91
10801,749.12
10811,759.32
10822,759.32
10832,759.32
10842,759.32
10852,759.32
10862,759.32
10872,759.32
10882,759.32
10893,769.53
10903,769.53
10913,779.73
10923,779.73
10933,779.73
10943,779.73
10953,779.73
10964,779.73
10974,779.74
10984,789.94
10994,789.94
11004,800.15
11014,800.15
11024,800.15
11034,800.15
11044,800.15
11054,800.15
11064,800.15
11074,810.35
11084,810.35
11094,810.35
11104,820.56
11114,820.56
11124,820.56
11134,820.56
11144,820.56
11154,820.56
11165,830.76
11175,830.76
11185,830.76
11195,840.97
11205,840.97
11215,840.97
11225,840.97
11236,840.97
11245,840.97
11255,851.17
11265,851.17
11275,851.17
11285,861.38
11295,861.38
11306,861.38
11316,861.38
11326,861.38
11336,861.38
11346,861.38
11356,871.59
11366,871.59
11377,871.59
11387,881.79
11397,881.79
11407,881.79
11417,881.79
11427,892.0
11437,892.0
11448,892.0
11458,902.2
11468,902.2
11478,902.2
11488,902.2
11498,902.2
11508,902.2
11519,912.41
11529,912.41
11539,912.41
11549,912.41
11559,922.61
11569,922.61
11580,922.61
11590,922.61
11600,922.61
11610,922.61
11620,932.82
11630,932.82
11640,932.82
11651,943.03
11661,943.03
11671,943.03
11681,943.03
11691,943.03
11701,943.03
11711,953.23
11721,953.23
11731,953.23
11741,953.23
11751,963.44
11761,963.44
11771,963.44
11781,963.44
11791,963.44
11801,973.64
11811,973.64
11821,973.64
11831,973.64
11841,983.85
11852,983.85
11861,983.85
11871,983.85
11881,983.85
11891,983.85
11901,994.05
11911,994.05
11922,994.05
11932,994.06
11942,1004.26
11952,1004.26
11962,1004.26
11972,1004.26
11982,1004.26
11993,1014.47
12003,1014.47
12013,1014.47
12023,1014.47
12090,57.81
12100,57.81
12110,57.81
12120,57.81
12130,57.81
12140,57.81
12150,57.81
12160,57.81
12171,77.44
12181,77.44
12191,77.44
12201,77.44
12211,77.44
12221,77.44
12231,77.44
12242,77.44
12252,87.14
12262,97.06
12272,97.06
12282,97.06
12292,97.06
12302,97.06
12312,97.06
12322,97.06
12332,97.06
12342,106.77
12352,116.69
12362,116.69
12372,116.69
12382,116.69
12392,116.69
12402,116.69
12412,116.69
12422,136.31
12432,136.31
12442,136.31
12452,136.32
12462,136.32
12472,136.32
12482,136.32
12492,146.02
12503,155.94
12513,155.94
12523,155.94
12533,155.94
12543,155.94
12553,155.94
12563,155.94
12573,165.65
12583,175.57
12593,175.57
12603,175.57
12613,175.57
12624,175.57
12634,175.57
12644,185.27
12654,195.19
12664,195.19
12674,195.19
12684,195.19
12694,195.19
12704,195.19
12714,204.9
12724,214.82
12734,214.82
12744,214.82
12755,214.82
12765,214.82
12775,214.82
12785,224.52
12795,224.52
12805,234.44
12816,234.44
12825,234.44
12835,234.44
12845,234.44
12855,244.15
12865,244.15
12875,244.15
12886,254.07
12896,254.07
12906,254.07
12916,254.07
12926,263.77
12936,263.78
12946,263.78
12957,263.78
12967,273.69
12977,273.7
12987,273.7
12997,283.4
13007,283.4
13017,283.4
13028,283.4
13038,293.32
13048,293.32
13058,293.32
13068,303.03
13078,303.03
13088,303.03
13099,303.03
13109,303.03
13119,312.95
13129,312.95
13139,322.65
13149,322.65
13160,322.65
13169,322.65
13179,322.65
13189,332.57
13199,342.28
13209,342.28
13219,342.28
13230,342.28
13240,342.28
13250,342.28
13260,352.2
13270,361.9
13280,361.9
13290,361.9
13301,361.9
13311,361.9
13321,361.9
13331,361.9
13341,381.53
13351,381.53
13361,381.53
13371,381.53
13381,381.53
13391,381.53
13401,381.53
13411,401.15
13421,401.15
13432,401.15
13442,401.15
13452,401.15
13462,401.15
13472,401.15
13482,410.86
13492,420.78
13502,420.78
13512,420.78
13522,420.78
13532,420.78
13542,420.78
13552,430.49
13562,440.41
13572,440.41
13582,440.41
13592,440.41
13602,447.11
13612,447.11
13622,447.11
13633,456.82
13643,466.74
13653,466.74
13663,466.74
13673,466.74
13683,466.74
13693,476.44
13704,476.44
13714,486.36
13724,486.36
13734,486.36
13744,486.36
13754,486.36
13765,496.07
13775,496.07
13785,505.99
13795,505.99
13805,505.99
13815,505.99
13825,505.99
13836,515.69
13846,515.69
13856,515.69
13866,525.61
13876,525.61
13886,525.61
13896,525.61
13907,535.32
13917,535.32
13927,535.32
13937,545.24
13947,545.24
13957,545.24
13967,545.24
13977,554.94
13987,554.94
13997,554.94
14007,554.94
14017,564.86
14027,564.86
14037,564.86
14047,574.57
14057,574.57
14067,574.57
14077,574.57
14087,584.49
14097,584.49
14107,584.49
14117,594.2
14127,594.2
14137,594.2
14147,594.2
14158,604.12
14168,604.12
14178,604.12
14188,613.82
14198,613.82
14208,613.82
14218,613.82
14229,613.82
14239,623.74
14249,623.74
14259,633.45
14269,633.45
14279,633.45
14289,633.45
14300,633.45
14310,643.37
14320,643.37
14330,643.37
14340,653.07
14350,653.07
14360,653.07
14371,653.07
14381,662.99
14391,662.99
14401,662.99
14411,672.7
14421,672.7
14431,672.7
14442,672.7
14452,682.62
14462,682.62
14472,682.62
14482,692.32
14492,692.32
14502,692.32
14513,692.32
14523,702.24
14533,702.24
14543,702.24
14553,711.95
14563,711.95
14573,711.95
14584,711.95
14594,721.87
14604,721.87
14614,721.87
14624,731.57
14634,731.57
14644,731.57
14655,731.57
14665,731.57
14675,731.57
14685,741.49
14696,742.13
14706,751.85
14716,751.85
14726,751.85
14736,751.85
14747,751.85
14757,751.85
14767,751.85
14777,761.77
14787,761.77
14797,761.77
14808,761.77
14818,771.48
14828,771.48
14838,771.48
14848,771.48
14858,781.4
14868,781.4
14878,781.4
14888,791.12
14898,791.12
14908,791.12
14918,791.12
14928,801.04
14939,801.04
14949,801.04
14959,810.75
14969,810.75
14979,810.75
14989,810.75
14999,820.67
15010,820.67
15020,820.67
15030,830.39
15040,830.39
15050,830.39
15060,830.39
15071,840.31
15081,840.31
15091,840.31
15101,850.01
15111,850.01
15121,850.01
15131,850.01
15142,850.01
15152,859.93
15162,859.93
15172,869.65
15182,869.65
15192,869.65
15202,869.65
15213,869.65
15223,869.65
15233,869.65
15243,869.65
15253,869.66
15263,869.66
15273,869.66
15283,869.66
15293,869.66
15303,869.66
15313,869.66
15323,869.66
15333,869.66
15343,869.66
15354,869.66
15364,869.66
15374,869.66
15384,869.66
15394,869.66
15404,869.66
15414,869.66
15424,869.66
15434,869.66
15444,869.66
15454,869.66
15464,869.66
15474,869.66
15485,869.66
15495,869.66
15505,869.66
15515,869.66
15525,869.66
15535,869.66
15545,869.66
15556,869.66
15565,869.66
15575,869.66
15585,869.66
15595,869.66
15605,869.66
15615,869.66
15626,869.66
15636,869.66
15646,869.66
15656,869.66
15666,869.66
15676,869.66
15686,869.66
15697,869.66
15708,879.58
15718,879.58
15728,879.58
15738,889.29
15748,889.29
15758,889.29
15768,889.29
15779,899.21
15789,899.21
15799,899.21
15809,908.93
15819,908.93
15829,908.93
15839,908.93
15850,918.85
15860,918.85
15870,919.49
15880,929.19
15890,929.19
15900,929.19
15910,929.19
15920,939.11
15930,939.11
15940,939.11
15950,948.83
15960,948.83
15971,948.83
15981,948.83
15991,958.75
16001,958.75
16011,958.75
16021,958.75
16031,968.46
16042,968.46
16052,968.46
16062,978.38
16072,978.38
16082,978.38
16092,978.38
16102,988.1
16113,988.1
16123,988.1
16133,998.02
16143,998.02
16153,998.02
16163,998.02
16173,1007.72
16184,1007.73
16194,1007.73
16204,1017.66
16214,1017.66
16224,1017.66
16234,1017.66
16245,1027.38
16255,1027.38
16265,1027.38
16275,1031.98
16306,31.52
16316,51.22
16326,51.22
16336,51.22
16346,51.22
16356,51.22
16366,51.22
16376,51.22
16386,70.91
16397,70.91
16407,70.91
16417,70.91
16427,70.91
16437,70.91
16447,70.91
16457,80.83
16468,80.83
16478,90.6
16488,90.6
16498,90.6
16508,90.6
16518,90.6
16528,100.52
16539,100.52
16548,100.52
16558,110.3
16568,110.3
16578,110.3
16588,110.3
16598,120.22
16609,120.22
16618,120.22
16628,129.99
16638,129.99
16648,129.99
16658,129.99
16668,129.99
16678,139.91
16688,139.91
16698,149.68
16708,149.68
16718,149.68
16728,149.68
16738,149.68
16748,159.6
16758,159.6
16768,169.38
16778,169.38
16788,169.38
16798,169.38
16808,169.38
16818,179.3
16829,179.3
16839,179.3
16849,189.07
16859,189.07
16869,189.07
16879,189.07
16889,198.99
16900,198.99
16910,198.99
16920,208.76
16930,208.76
16940,208.76
16950,208.76
16960,218.68
16971,218.68
16981,218.68
16991,228.46
17001,228.46
17011,228.46
17021,228.46
17031,238.38
17042,238.38
17052,238.38
17062,248.15
17072,248.15
17082,248.15
17092,248.15
17102,258.07
17113,258.07
17122,258.07
17132,267.84
17142,267.85
17152,267.85
17162,267.85
17172,267.85
17183,277.77
17193,277.77
17203,287.54
17213,287.54
17223,287.54
17233,287.54
17243,287.54
17253,297.46
17263,297.46
17273,297.46
17283,307.23
17293,307.23
17303,307.23
17313,307.23
17324,317.15
17333,317.15
17343,317.15
17353,326.93
17363,326.93
17373,326.93
17383,326.93
17394,336.85
17404,336.85
17414,336.85
17424,346.62
17434,346.62
17444,346.62
17454,346.62
17465,356.54
17474,356.54
17484,356.54
17494,366.31
17504,366.31
17514,366.31
17524,366.31
17535,376.23
17544,376.23
17554,376.23
17564,376.23
17574,386.01
17584,386.01
17594,386.01
17604,395.93
17614,395.93
17624,395.93
17634,395.93
17644,405.7
17654,405.7
17664,405.7
17674,415.62
17684,415.62
17694,415.62
17704,415.62
17714,425.39
17724,425.39
17734,425.39
17744,425.39
17754,435.31
17764,435.31
17774,435.31
17784,435.31
17794,445.09
17804,445.09
17814,445.09
17825,455.01
17835,455.01
17845,455.01
17855,455.01
17865,464.78
17875,464.78
17885,464.78
17896,474.7
17906,474.7
17916,474.7
17926,474.7
17936,484.47
17946,484.47
17956,484.47
17967,494.39
17977,494.39
17987,494.39
17997,494.39
18007,504.17
18017,504.17
18027,504.17
18038,514.09
18048,514.09
18058,514.09
18068,514.09
18078,514.09
18088,523.86
18098,523.86
18109,523.86
18118,533.78
18128,533.78
18138,533.78
18148,533.78
18158,543.56
18168,543.56
18178,543.56
18188,553.48
18198,553.48
18208,553.48
18218,553.48
18228,563.25
18238,563.25
18248,563.25
18258,573.17
18268,573.17
18278,573.17
18288,573.17
18298,573.17
18309,582.94
18319,582.94
18329,592.86
18339,592.86
18349,592.86
18359,592.86
18370,592.86
18380,592.86
18390,602.64
18400,612.56
18410,612.56
18420,612.56
18430,612.56
18441,612.56
18451,612.56
18461,622.33
18471,632.25
18481,632.25
18491,632.25
18501,632.25
18511,632.25
18521,632.25
18531,642.02
18541,642.02
18551,651.94
18561,651.94
18571,651.94
18581,651.94
18591,651.94
18601,651.94
18611,661.72
18621,671.64
18631,671.64
18641,671.64
18652,671.64
18662,671.64
18672,671.64
18682,681.41
18692,691.33
18702,691.33
18713,691.33
18722,691.33
18732,691.33
18742,691.33
18752,701.1
18762,711.02
18772,711.02
18783,711.02
18793,711.02
18803,711.02
18813,711.02
18823,711.03
18833,730.72
18843,730.72
18854,730.72
18864,730.72
18874,730.72
18884,730.72
18894,730.72
18904,750.41
18914,750.41
18924,750.41
18934,750.41
18944,750.41
18954,750.41
18964,750.41
18974,770.1
18985,770.1
18994,770.1
19004,770.11
19014,770.11
19024,770.11
19034,770.11
19044,789.8
19055,789.8
19065,789.8
19075,789.8
19085,789.8
19095,789.8
19105,789.8
19115,799.72
19125,809.49
19135,809.49
19145,809.49
19155,809.49
19165,809.49
19175,809.49
19185,809.49
19196,829.2
19206,829.2
19216,829.2
19226,829.2
19236,829.2
19246,829.2
19256,829.2
19267,848.89
19277,848.89
19287,848.89
19297,848.9
19307,848.9
19317,848.9
19328,858.81
19338,868.59
19348,868.59
19358,868.59
19368,868.59
19378,868.59
19388,868.59
19399,878.51
19409,878.51
19419,888.28
19429,888.28
19439,888.28
19449,888.28
19459,888.28
19469,908.29
19479,912.7
19489,912.7
19499,912.7
19509,912.7
19519,936.03
19530,936.03
19540,936.03
19550,936.03
19560,936.03
19570,936.03
19580,936.03
19590,936.03
19601,936.03
19611,936.03
19621,936.03
19631,936.03
19641,936.03
19651,936.03
19661,936.03
19672,936.03
19682,936.03
19692,936.03
19702,936.03
19712,936.03
19722,936.03
19732,936.03
19742,936.03
19752,936.03
19762,945.8
19772,945.8
19782,945.8
19792,945.8
19803,945.8
19813,945.8
19823,945.8
19833,945.81
19843,945.81
19853,945.81
19864,945.81
19873,945.81
19883,945.81
19893,945.81
19903,945.81
19913,945.81
19923,945.81
19934,945.81
19944,945.81
19954,955.58
19964,955.58
19974,965.5
19984,965.5
19995,965.5
20005,965.5
20015,965.5
20025,965.5
20035,965.5
20045,975.27
20055,985.19
20066,985.19
20076,985.19
20086,985.19
20096,985.19
20106,994.97
20116,994.97
20126,994.97
20137,1004.89
20147,1004.89
20157,1004.89
20167,1004.89
20177,1014.66
20187,1014.66
20198,1014.66
20208,1014.66
20218,1024.58
20228,1024.58
20238,1024.58
20248,1024.58
20259,1024.58
20268,1024.58
20278,1024.58
20288,1024.58
20298,1024.58
20308,1024.58
20318,1024.58
20329,1024.58
20339,1024.58
20349,1024.58
20359,1024.58
20369,1024.58
20379,1024.58
20389,1024.58
20400,1024.58
20410,1024.58
20420,1024.58
20430,1024.58
20440,1024.58
20450,1024.58
20460,1024.58
20470,1024.58
20480,1024.58
20490,1024.58
20500,1024.58
20510,1024.58
20520,1024.58
20530,1024.58
20540,1024.58
20550,1024.58
20560,1024.58
20570,1024.58
20580,1024.58
20590,1024.58
20600,1024.58
20610,1024.58
20620,1024.58
20630,1024.59
20640,1024.59
20650,1024.59
20660,1024.59
20670,1024.59
20680,1024.59
20690,1024.59
20700,1024.59
20710,1024.59
20720,1024.59
20731,1024.59
20741,1024.59
20751,1024.59
20761,1024.59
20772,1024.59
20782,1024.59
20792,1024.59
20802,1024.59
20812,1024.59
20822,1024.59
20832,1024.59
20842,1024.59
20852,1024.59
20862,1024.59
20872,1024.59
20882,1024.59
20892,1024.59
20903,1024.59
20913,1024.59
20923,1024.59
20933,1024.59
20945,1027.62
20977,39.98
20987,49.68
20998,49.68
21008,49.68
21018,49.68
21028,49.68
21038,49.68
21048,49.68
21059,49.68
21069,49.68
21079,69.24
21089,69.24
21099,69.24
21109,69.24
21119,69.24
21129,69.24
21139,79.09
21149,88.8
21159,88.8
21169,88.8
21179,88.8
21189,88.8
21199,88.8
21209,108.35
21219,108.35
21229,108.35
21239,108.35
21249,108.35
21260,108.35
21270,108.35
21280,127.91
21290,127.91
21300,127.91
21310,127.91
21320,127.91
21330,127.91
21340,147.46
21350,147.46
21360,147.46
21370,147.46
21381,147.46
21391,147.46
21401,147.46
21411,167.02
21421,167.02
21431,167.02
21442,167.02
21452,167.02
21462,167.02
21472,167.02
21482,186.57
21492,186.57
21502,186.57
21513,186.57
21523,186.57
21533,186.57
21543,206.13
21553,206.13
21563,206.13
21574,206.13
21584,206.13
21594,206.13
21604,225.68
21614,225.68
21624,225.68
21634,225.69
21644,225.69
21654,225.69
21664,225.69
21674,245.24
21684,245.24
21694,245.24
21704,245.24
21715,245.24
21725,245.24
21735,264.8
21745,264.8
21755,264.8
21765,264.8
21775,264.8
21785,264.8
21795,264.8
21805,284.35
21815,284.35
21825,284.35
21835,284.35
21845,284.35
21855,284.35
21865,294.2
21875,303.91
21885,303.91
21895,303.91
21905,303.91
21916,303.91
21926,303.91
21936,323.46
21946,323.46
21956,323.46
21967,323.46
21977,323.46
21987,323.46
21997,343.02
22007,343.02
22017,343.02
22027,343.02
22038,343.02
22048,343.02
22058,343.02
22068,362.57
22078,362.57
22088,362.57
22098,362.57
22109,362.57
22119,362.57
22129,372.28
22139,382.13
22149,382.13
22159,382.13
22169,382.13
22179,382.13
22189,382.13
22199,401.69
22209,401.69
22219,401.69
22229,401.69
22239,401.69
22249,401.69
22259,411.39
22269,421.24
22279,421.24
22289,421.24
22299,421.24
22309,421.24
22319,421.24
22330,437.65
22340,447.5
22350,447.5
22360,447.5
22370,447.5
22380,447.5
22390,447.5
22401,447.5
22411,447.5
22421,447.5
22431,447.5
22441,457.35
22451,457.35
22461,457.35
22472,457.35
22482,467.06
22492,467.06
22502,467.06
22512,467.06
22522,467.06
22532,467.06
22543,467.06
22553,476.91
22563,476.91
22573,486.61
22583,486.61
22593,486.61
22603,486.61
22614,496.47
22624,496.47
22634,496.47
22644,506.17
22654,506.17
22664,506.17
22674,506.17
22685,516.02
22694,516.02
22704,525.73
22714,525.73
22724,525.73
22734,525.73
22744,535.58
22755,535.58
22765,545.28
22775,545.28
22785,545.28
22795,545.28
22805,545.28
22815,555.13
22825,555.13
22835,564.84
22845,564.84
22855,564.84
22865,564.84
22875,564.84
22885,564.84
22895,564.84
22907,564.84
22917,564.84
22927,564.84
22937,564.84
22947,564.84
22958,564.84
22968,574.54
22978,574.54
22988,574.54
22998,574.54
23008,574.54
23018,574.54
23029,574.55
23039,574.55
23049,574.55
23059,574.55
23069,574.55
23079,574.55
23089,574.55
23099,574.55
23102,574.55,task,end,3,4,158,0,0
23109,577.44
23119,577.44
23129,577.44
23139,577.44
23149,577.44
23160,577.44
23170,577.44
23180,577.44
23190,577.44
23200,577.44
23210,577.44
23220,577.44
23230,577.44
23234,577.44,task,end,2,4,158,0,0
23240,577.44
23250,577.44
23260,577.44
23270,577.44
23280,577.44
23290,577.44
23300,577.44
23310,577.44
23320,577.44
23330,577.44
23340,577.44
23350,577.44
23361,577.44
23371,577.44
23381,577.44
23391,577.44
23401,577.45
23411,577.45
23422,577.45
23431,577.45
23441,577.45
23451,577.45
23461,577.45
23471,577.45
23481,577.45
23491,577.45
23501,577.45
23511,577.45
23521,577.45
23531,577.45
23541,577.45
23551,577.45
23561,577.45
23571,577.45
23581,577.45
23591,577.45
23601,581.85
23611,581.85
23621,581.85
23631,581.85
23641,581.85
23651,581.85
23661,581.85
23671,581.85
23681,581.85
23691,581.85
23701,581.85
23711,581.85
23721,581.85
23731,581.86
23741,581.86
23751,581.86
23761,581.86
23772,581.86
23782,581.86
23792,581.86
23802,581.86
23812,581.86
23822,581.86
23833,581.86
23843,581.86
23853,581.86
23863,581.86
23873,581.86
23883,581.86
23894,581.86
23903,581.86
23913,581.86
23923,581.86
23933,581.86
23943,581.86
23953,581.86
23964,581.86
23974,581.86
23984,581.86
23994,581.86
24004,581.86
24015,581.86
24025,581.86
24035,581.86
24045,581.86
24055,581.86
24065,581.86
24076,581.86
24086,581.86
24096,581.86
24106,581.86
24116,581.86
24126,581.86
24136,581.86
24147,581.86
24157,581.86
24167,581.86
24177,581.86
24187,581.86
24197,581.86
24207,581.86
24218,581.86
24228,581.86
24238,581.86
24248,581.86
24258,581.86
24268,581.86
24278,581.86
24289,581.86
24299,581.86
24309,581.86
24319,581.86
24329,581.86
24339,581.86
24349,581.86
24360,581.86
24370,581.86
24380,581.86
24390,581.86
24400,581.86
24410,581.86
24420,581.86
24431,581.86
24441,581.86
24451,581.86
24461,581.86
24471,581.86
24482,581.86
24492,581.86
24502,581.87
24512,581.87
24522,581.87
24532,581.87
24542,581.87
24552,581.87
24562,581.87
24572,581.87
24582,581.87
24592,581.87
24602,581.87
24612,581.87
24622,581.87
24632,581.87
24642,581.87
24652,581.87
24662,581.87
24672,581.87
24682,581.87
24692,581.87
24702,581.87
24712,581.87
24722,581.87
24733,581.87
24743,581.87
24753,581.87
24763,581.87
24773,581.87
24783,581.87
24793,581.87
24804,581.87
24814,581.87
24824,581.87
24834,581.87
24844,581.87
24854,581.87
24864,581.87
24875,581.87
24885,581.87
24895,581.87
24905,581.87
24915,581.87
24925,581.87
24935,581.87
24945,581.87
24955,581.87
24965,581.87
24975,581.87
24985,581.87
24995,581.87
25006,581.87
25016,581.87
25026,581.87
25036,581.87
25046,581.87
25056,581.87
25066,581.87
25076,581.87
25086,581.87
25096,581.87
25106,581.87
25116,581.87
25127,581.87
25137,581.87
25147,581.87
25157,581.87
25167,581.87
25177,581.87
25187,581.87
25197,581.87
25207,581.87
25217,581.87
25227,581.87
25237,581.87
25247,581.87
25258,581.88
25268,581.88
25278,581.88
25288,581.88
25298,581.88
25308,581.88
25318,581.88
25329,581.88
25339,581.88
25349,581.88
25359,581.88
25369,581.88
25379,581.88
25389,581.88
25400,581.88
25410,581.88
25420,581.88
25430,581.88
25440,581.88
25450,581.88
25460,581.88
25471,581.88
25481,581.88
25491,581.88
25501,581.88
25511,581.88
25521,581.88
25531,581.88
25542,581.88
25552,581.88
25562,581.88
25572,581.88
25582,581.88
25592,581.88
25602,581.88
25613,581.88
25623,581.88
25633,581.88
25643,581.88
25653,581.88
25663,581.88
25673,581.88
25683,581.88
25693,581.88
25703,581.88
25713,581.88
25723,581.88
25733,581.88
25744,581.88
25754,581.88
25764,581.88
25774,581.88
25784,581.88
25794,581.88
25804,581.88
25814,581.88
25824,581.88
25834,581.88
25844,581.88
25854,581.88
25864,581.88
25875,581.88
25885,581.88
25895,581.88
25905,581.88
25915,581.88
25926,581.88
25936,581.88
25946,581.88
25956,581.88
25966,581.88
25976,581.88
25987,581.88
25997,581.88
26007,581.88
26017,581.88
26027,581.89
26037,581.89
26047,581.89
26057,581.89
26067,581.89
26077,581.89
26088,581.89
26098,581.89
26108,581.89
26118,581.89
26128,581.89
26138,581.89
26148,581.89
26158,581.89
26168,581.89
26178,581.89
26188,581.89
26198,581.89
26209,581.89
26219,581.89
26229,581.89
26240,581.89
26250,581.89
26260,581.89
26270,581.89
26280,581.89
26290,581.89
26300,581.89
26310,581.89
26320,581.89
26330,581.89
26340,581.89
26350,581.89
26360,581.89
26370,581.89
26380,581.89
26390,581.89
26400,581.89
26410,581.89
26420,581.89
26430,581.89
26440,581.89
26450,581.89
26460,581.89
26470,581.89
26480,581.89
26490,581.89
26500,581.89
26510,581.89
26520,581.89
26530,581.89
26540,581.89
26550,581.89
26560,581.89
26571,581.89
26581,581.89
26591,581.89
26601,581.89
26611,581.89
26621,581.89
26631,581.89
26641,581.89
26651,581.89
26661,581.89
26671,581.89
26681,581.89
26691,581.89
26701,581.89
26711,581.89
26721,581.89
26731,581.89
26741,581.89
26751,581.89
26761,581.89
26772,581.89
26782,581.9
26792,581.9
26802,581.9
26812,581.9
26823,581.9
26833,581.9
26843,581.9
26853,581.9
26863,581.9
26873,581.9
26884,581.9
26894,581.9
26904,581.9
26911,596.51,task,start,6,4,158,0,0
26911,596.51,task,start,9,4,158,0,0
26914,596.51
26924,596.51
26934,596.51
26940,597.16,persist,memory,7389
26944,597.16
26949,597.16,persist,memory,22320
26954,597.16
26964,597.16
26974,597.16
26984,597.16
26994,597.16
27004,597.16
27014,597.16
27024,597.16
27034,597.16
27044,597.16
27054,597.16
27064,597.16
27074,597.16
27084,597.16
27094,597.16
27106,597.16
27116,607.01
27126,607.01
27140,633.72
27177,633.72
27187,633.72
27197,633.72
27207,633.72
27217,633.72
27227,633.72
27238,633.72
27248,633.72
27258,633.72
27268,649.72
27280,649.72
27290,649.72
27300,649.72
27311,649.72
27320,649.72
27330,649.72
27340,649.72
27350,649.72
27360,649.72
27370,649.72
27380,649.72
27390,649.72
27400,649.72
27411,649.72
27421,649.72
27431,649.72
27441,649.72
27451,649.72
27461,649.72
27471,649.72
27481,649.72
27491,649.72
27501,649.72
27511,649.72
27522,649.72
27532,649.72
27542,649.72
27552,649.72
27562,649.72
27572,649.72
27582,649.72
27592,649.72
27602,649.72
27613,649.72
27623,649.73
27633,649.73
27643,649.73
27654,649.73
27664,649.73
27674,649.73
27684,649.73
27694,649.73
27704,649.73
27714,649.73
27724,649.73
27734,649.73
27744,659.43
27754,659.43
27764,659.43
27791,659.43
27801,659.43
27811,659.43
27821,659.43
27831,659.43
27841,659.43
27851,659.43
27862,659.43
27872,659.43
27882,659.43
27892,659.43
27902,659.43
27912,659.44
27922,659.44
27933,659.44
27943,659.44
27953,659.44
27963,659.44
27973,659.44
27983,659.44
27993,659.44
28004,659.44
28014,659.44
28024,659.44
28034,659.44
28044,659.44
28054,659.44
28064,659.44
28074,659.44
28084,659.44
28094,659.44
28104,659.44
28114,659.44
28124,659.44
28134,659.44
28144,659.44
28154,659.44
28164,659.44
28174,659.44
28184,659.44
28194,659.44
28204,669.29
28214,669.29
28224,669.29
28234,669.29
28244,669.29
28254,669.29
28264,669.29
28275,669.29
28285,669.29
28295,669.29
28305,669.29
28315,679.0
28325,679.0
28335,679.0
28346,679.0
28356,679.0
28366,679.0
28376,679.0
28386,679.0
28396,679.0
28406,679.0
28416,679.0
28426,679.0
28436,679.0
28446,679.0
28456,688.86
28466,688.86
28477,704.86
28486,704.86
28496,704.86
28506,704.86
28516,714.57
28526,714.57
28536,714.57
28547,714.57
28557,714.57
28567,714.57
28577,724.42
28587,724.42
28597,724.42
28607,734.12
28617,734.12
28627,734.12
28638,734.12
28647,734.12
28657,734.12
28667,743.97
28677,743.97
28687,743.97
28697,743.97
28707,743.97
28717,743.97
28727,743.97
28738,743.97
28748,763.53
28758,763.53
28768,763.53
28778,763.53
28788,763.53
28798,763.53
28808,763.53
28818,763.53
28828,763.53
28838,763.53
28848,773.23
28858,773.23
28868,783.08
28878,783.08
28888,783.08
28898,783.08
28908,783.08
28918,783.08
28928,783.08
28938,783.08
28948,783.08
28958,783.08
28968,792.79
28978,792.79
28988,792.79
28999,802.64
29009,802.64
29019,802.64
29029,802.64
29039,802.64
29049,812.35
29059,812.35
29070,812.35
29080,812.35
29090,812.35
29100,822.2
29110,822.2
29120,822.2
29130,822.2
29140,831.9
29150,831.9
29160,831.9
29170,831.9
29180,831.9
29190,841.75
29200,841.75
29210,851.46
29220,851.46
29230,851.46
29240,851.46
29250,861.31
29260,861.31
29271,871.01
29281,871.01
29291,871.01
29301,871.01
29311,880.86
29321,880.86
29331,880.86
29342,880.86
29352,890.57
29362,900.42
29372,900.42
29382,900.42
29392,900.42
29402,910.12
29412,919.97
29422,919.97
29432,919.97
29442,919.97
29452,929.68
29462,949.73
29472,949.73
29483,949.73
29493,949.73
29503,949.73
29513,949.73
29523,949.73
29533,949.73
29543,949.73
29554,949.73
29564,949.73
29574,949.73
29584,949.73
29594,959.44
29604,959.44
29614,959.44
29625,959.44
29635,959.44
29645,959.44
29655,959.44
29665,959.44
29675,959.44
29685,959.44
29696,959.44
29706,959.44
29716,959.44
29726,959.44
29736,959.44
29746,959.44
29756,959.44
29767,959.44
29777,959.44
29787,959.44
29797,959.44
29807,969.29
29817,969.29
29827,969.29
29838,979.0
29848,979.0
29858,979.0
29868,988.85
29878,988.85
29888,988.85
29898,988.85
29909,998.55
29918,1008.4
29928,1008.4
29938,1008.4
29948,1008.4
29958,1018.25
29968,1018.25
29978,1018.25
29988,1018.25
29998,1018.25
30008,1027.73
30205,141.05
30215,141.05
30225,143.95
30235,143.95
30245,143.95
30255,162.95
30266,162.95
30276,162.95
30286,162.95
30296,172.53
30306,181.96
30316,181.96
30326,183.86
30337,193.44
30347,202.87
30357,202.87
30367,202.87
30377,212.45
30387,212.45
30397,221.88
30407,221.88
30417,221.88
30427,231.45
30437,231.45
30447,240.89
30457,240.89
30467,250.46
30477,250.46
30488,259.89
30498,269.47
30508,269.47
30518,269.47
30528,269.47
30538,288.48
30548,288.48
30559,288.48
30569,288.48
30579,288.48
30593,288.48
30603,288.48
30613,288.48
30623,288.48
30633,288.48
30643,288.48
30654,288.48
30664,288.48
30674,288.48
30684,288.48
30694,288.48
30704,288.48
30714,307.48
30725,307.48
30735,307.48
30745,307.48
30755,307.49
30765,307.49
30775,307.49
30785,307.49
30796,307.49
30806,326.49
30816,326.49
30826,326.49
30836,326.5
30846,326.5
30856,345.5
30867,345.5
30877,345.5
30887,345.5
30897,345.5
30907,345.5
30917,354.94
30927,354.94
30937,364.51
30947,364.51
30957,364.51
30967,364.51
30977,383.52
30987,383.52
30997,383.52
31007,383.52
31017,393.09
31027,402.53
31037,402.53
31047,402.53
31057,412.1
31067,421.53
31077,421.53
31087,431.74
31097,431.74
31107,441.31
31117,450.75
31127,450.75
31137,450.75
31147,460.32
31157,460.32
31167,469.75
31177,469.75
31187,469.75
31197,479.33
31207,479.33
31217,488.76
31227,488.76
31237,488.76
31247,498.33
31257,507.77
31267,507.77
31277,507.77
31287,517.34
31297,517.34
31307,526.78
31317,526.78
31327,526.78
31337,536.35
31347,545.78
31357,545.78
31368,545.78
31378,545.78
31388,555.36
31398,564.79
31408,564.79
31418,564.79
31428,574.36
31439,583.8
31449,583.8
31459,583.8
31469,583.8
31479,583.8
31489,593.37
31500,602.8
31510,602.8
31520,602.8
31530,602.8
31540,612.38
31550,621.81
31560,621.81
31570,621.81
31580,631.39
31590,631.39
31600,640.82
31610,640.82
31620,650.39
31630,650.39
31640,659.83
31651,659.83
31661,659.83
31671,669.4
31681,669.4
31691,678.83
31701,678.83
31711,688.41
31721,688.41
31731,688.41
31741,697.84
31751,697.84
31761,707.42
31771,715.42
31781,724.85
31792,724.85
31802,724.85
31812,734.42
31822,734.42
31832,743.86
31842,743.86
31852,753.43
31863,753.43
31873,753.43
31883,762.86
31893,762.86
31903,772.44
31913,772.44
31923,781.87
31934,781.87
31943,791.45
31953,791.45
31963,799.45
31973,808.88
31983,808.88
31993,818.45
32003,818.45
32014,818.45
32024,827.89
32034,837.46
32044,837.46
32054,837.46
32064,846.89
32074,846.89
32084,856.47
32094,856.47
32104,856.47
32114,865.9
32124,875.47
32134,875.47
32144,875.48
32154,875.48
32165,894.48
32175,894.48
32185,894.48
32195,894.48
32205,903.92
32216,913.49
32227,913.49
32237,913.49
32247,913.49
32257,932.5
32267,932.5
32277,932.5
32287,932.5
32297,942.07
32308,951.5
32318,951.5
32328,951.5
32338,961.08
32348,970.51
32358,970.51
32368,970.51
32378,970.51
32388,980.09
32398,989.52
32408,989.52
32418,989.52
32428,999.09
32438,1008.53
32448,1008.53
32459,1008.53
32469,1008.53
32479,1018.1
32489,1027.53
32499,1027.53
32509,1027.53
32519,1037.11
32529,1046.54
32540,1046.54
32550,1046.54
32560,1056.12
32570,1056.12
32580,1065.55
32590,1065.55
32600,1065.55
32610,1075.12
32620,1084.56
32630,1084.56
32640,1084.56
32650,1094.13
32660,1094.13
32670,1103.56
32680,1103.56
32691,1113.14
32701,1113.14
32711,1113.14
33293,250.64
33303,268.48
33314,268.48
33324,270.25
33334,270.25
33344,288.09
33354,288.09
33364,288.09
33374,289.26
33384,307.1
33394,307.1
33404,307.1
33414,307.1
33424,324.94
33434,324.94
33444,324.94
33454,324.94
33464,342.78
33474,342.78
33484,342.78
33494,342.78
33504,360.62
33514,360.62
33524,360.62
33534,360.62
33544,360.62
33554,378.46
33564,378.46
33575,378.46
33585,378.46
33595,396.3
33605,396.3
33616,396.3
33626,396.3
33636,414.14
33646,414.14
33656,414.14
33666,414.14
33676,423.19
33687,431.98
33697,431.98
33707,431.98
33717,441.03
33727,449.82
33737,449.82
33747,449.83
33757,458.87
33768,467.67
33778,467.67
33788,467.67
33798,476.71
33808,485.51
33818,485.51
33828,485.51
33839,485.51
33849,503.35
33859,503.35
33869,503.35
33879,503.35
33889,521.19
33899,521.19
33909,521.19
33919,521.19
33929,539.03
33939,539.03
33949,539.03
33959,539.03
33969,556.87
33979,556.87
33990,556.87
34000,556.87
34010,565.92
34020,574.71
34030,574.71
34040,574.71
34050,574.71
34060,592.55
34070,592.55
34080,592.55
34090,592.55
34100,610.39
34110,610.39
34120,610.39
34130,610.39
34141,619.44
34151,628.23
34161,628.23
34171,628.23
34181,637.28
34191,646.07
34201,646.07
34211,646.07
34222,655.12
34232,663.91
34242,663.91
34252,663.91
34262,663.91
34272,681.75
34282,681.75
34292,681.75
34302,681.75
34312,699.59
34322,699.59
34332,699.59
34342,699.59
34352,708.64
34362,717.43
34373,717.43
34383,717.44
34393,726.48
34403,735.28
34413,735.28
34423,735.28
34433,751.28
34443,769.12
34453,769.12
34463,769.12
34473,769.12
34483,778.17
34493,786.96
34503,786.96
34514,786.96
34524,796.01
34534,796.01
34544,804.8
34554,804.8
34564,804.8
34575,813.85
34585,822.64
34595,822.64
34605,822.64
34615,831.69
34625,831.69
34635,831.69
34645,840.48
34655,849.53
34665,849.53
34675,849.53
34685,849.53
34695,858.32
34705,867.37
34707,867.37,persist,memory,133332104
34716,870.07
34726,879.12
34736,879.12
34748,879.12
34759,881.19
34769,889.99
34779,905.99
34795,908.06
34805,908.06
34815,908.06
34825,908.06
34835,908.06
34845,908.06
34855,908.06
34865,908.06
34875,908.06
34885,908.06
34895,908.06
34905,916.85
34915,916.85
34925,916.85
34936,916.85
34946,916.85
34960,925.64
34970,925.64
34980,925.64
34993,925.64
35003,944.29
35013,953.09
35023,953.09
35033,953.09
35047,955.16
35057,955.16
35067,955.16
35081,955.16
35091,963.95
35101,963.95
35111,963.95
35121,963.95
35131,963.95
35142,972.74
35152,972.74
35162,972.74
35172,974.82
35182,974.82
35192,974.82
35202,974.82
35213,983.61
35223,983.61
35233,983.61
35243,983.61
35253,992.09
35255,992.09,persist,memory,133332104
35263,992.09
35273,992.09
35284,992.09
35294,992.09
35305,994.16
35315,994.16
35325,994.16
35335,994.16
35345,1005.02
35355,1014.07
35365,1014.07
35375,1014.07
35385,1014.07
35395,1023.12
35406,1031.91
35416,1031.91
35426,1031.91
35436,1041.02
35446,1041.02
35456,1041.02
35466,1049.81
35477,1058.86
35487,1058.86
35497,1058.86
35507,1058.86
35517,1058.86
35527,1076.7
35538,1076.7
35548,1076.7
35558,1076.7
35568,1085.75
35578,1085.75
35588,1094.54
35598,1094.54
35609,1094.54
35619,1103.59
35629,1103.59
35639,1112.38
35649,1112.38
35659,1121.43
35669,1121.43
35679,1121.43
35689,1121.43
35699,1139.27
35709,1139.27
35719,1139.27
35729,1139.27
35739,1139.27
35749,1139.27
35759,1148.07
35769,1157.11
35779,1157.11
35789,1157.11
35799,1157.11
35809,1165.91
35820,1174.96
35830,1174.96
35840,1174.96
35850,1174.96
36103,352.44
36114,365.13
36124,365.13
36134,365.13
36144,373.92
36154,373.92
36164,382.71
36174,382.71
36184,392.67
36194,392.67
36204,392.67
36214,392.67
36224,410.32
36235,410.32
36245,410.32
36255,410.32
36265,419.11
36275,419.11
36285,419.11
36295,436.7
36306,436.7
36316,436.7
36326,436.7
36336,445.49
36346,454.29
36356,454.29
36366,454.29
36376,463.08
36386,463.08
36396,463.08
36406,471.87
36416,480.67
36426,480.67
36436,480.67
36446,480.67
36456,489.46
36466,498.25
36476,498.25
36486,498.25
36496,507.04
36506,507.04
36517,507.04
36527,524.69
36537,524.69
36547,524.69
36557,524.69
36567,533.49
36577,533.49
36588,542.28
36597,542.28
36607,551.07
36617,551.07
36627,551.07
36637,559.87
36647,559.87
36657,568.66
36667,568.66
36677,568.66
36687,568.66
36697,586.25
36708,586.25
36718,586.25
36728,586.25
36738,595.04
36748,603.83
36759,603.83
36769,603.83
36779,612.63
36789,612.63
36799,621.42
36809,621.42
36819,630.21
36829,630.21
36839,630.21
36849,630.21
36859,647.8
36870,647.8
36880,647.8
36890,656.59
36900,656.59
36910,665.39
36920,665.39
36930,665.39
36940,674.18
36950,674.18
36960,674.18
36970,682.98
36980,691.77
36990,691.77
37000,691.77
37010,691.77
37020,709.35
37030,709.35
37041,709.35
37051,709.35
37061,726.94
37071,726.94
37081,727.89
37091,727.89
37101,736.68
37111,736.68
37122,745.48
37132,745.48
37142,745.48
37152,745.48
37162,745.48
37172,754.28
37182,763.07
37193,763.07
37207,763.07
37217,763.07
37227,771.86
37237,771.86
37247,771.86
37258,780.65
37268,789.45
37278,789.45
37288,789.45
37298,798.24
37308,798.24
37318,798.24
37329,798.24
37339,807.04
37349,815.83
37359,815.83
37369,815.83
37379,815.83
37389,815.83
37400,815.83
37410,824.62
37420,833.42
37430,833.42
37440,833.42
37450,833.42
37460,833.42
37470,833.42
37480,851.0
37490,851.0
37500,851.0
37511,851.0
37521,868.59
37531,868.59
37541,868.59
37551,868.59
37561,877.39
37571,886.18
37582,886.18
37591,886.18
37601,894.97
37611,903.77
37621,903.77
37632,903.77
37642,913.62
37653,913.62
37663,913.62
37664,913.62,task,end,6,7,1153,0,0
37673,913.62
37678,924.9,task,start,12,7,1153,0,0
37684,924.9
37694,924.9
37704,924.9
37714,933.7
37724,933.7
37734,933.7
37746,934.65
37756,934.65
37767,943.44
37778,943.44
37788,952.24
37798,952.24
37808,952.24
37818,952.24
37828,952.24
37838,952.24
37848,961.03
37858,961.03
37869,961.03
37879,961.03
37890,961.03
37900,961.03
37910,961.03
37920,961.03
37928,961.03,task,end,9,7,1153,0,0
37930,961.03
37945,961.03
37955,961.03
37965,961.03
37975,961.03
37985,961.03
37995,969.83
38006,969.83
38016,969.83
38026,969.83
38036,969.83
38046,969.83
38056,969.83
38066,969.83
38077,969.83
38087,969.83
38097,969.83
38107,969.83
38117,969.83
38127,969.83
38137,969.83
38148,969.83
38158,969.83
38168,969.83
38178,978.62
38188,978.62
38198,978.62
38208,978.62
38219,978.62
38229,978.62
38239,987.41
38249,987.41
38259,987.41
38269,987.41
38279,987.41
38289,996.2
38299,996.2
38309,996.2
38319,996.2
38329,996.2
38339,1005.5
38349,1005.5
38360,1005.5
38369,1005.5
38379,1005.5
38389,1014.29
38399,1014.29
38409,1014.29
38420,1014.29
38430,1014.29
38440,1023.08
38450,1023.08
38460,1023.08
38470,1023.08
38480,1023.08
38490,1038.12
38500,1038.12
38510,1038.12
38520,1038.12
38530,1046.91
38540,1046.91
38550,1046.91
38560,1046.91
38570,1046.91
38580,1046.91
38590,1046.91
38600,1055.71
38610,1055.71
38620,1055.71
38630,1055.71
38640,1055.71
38650,1055.71
38660,1055.71
38670,1064.5
38680,1064.5
38690,1064.5
38700,1064.5
38711,1064.5
38721,1073.29
38731,1073.29
38742,1073.29
38752,1073.29
38762,1082.08
38772,1082.08
38782,1082.08
38792,1082.08
38802,1082.08
38813,1090.87
38823,1090.87
38835,1090.87
38845,1090.87
38855,1090.87
38866,1090.87
38876,1099.67
38886,1099.67
38896,1099.67
38906,1108.46
38916,1108.46
38927,1108.46
38937,1108.46
38947,1117.25
38957,1117.25
38967,1117.25
38977,1117.25
38988,1126.04
38999,1126.04
39009,1126.04
39019,1126.04
39029,1134.83
39039,1134.83
39049,1134.83
39060,1134.83
39070,1143.62
39080,1143.62
39090,1143.62
39101,1152.42
39111,1152.42
39121,1152.42
39131,1152.42
39141,1161.21
39152,1161.21
39162,1161.21
39172,1161.21
39182,1170.0
39192,1170.0
39203,1170.0
39213,1170.0
39224,1170.0
39234,1178.79
39245,1178.79
39255,1178.79
39265,1187.58
39275,1187.58
39286,1187.58
39296,1187.58
39306,1196.38
39316,1196.38
39326,1196.38
39337,1196.38
39347,1205.17
39358,1205.17
39369,1205.17
39379,1205.17
39390,1205.17
39400,1213.96
39410,1213.96
39420,1222.75
39430,1222.75
39440,1222.75
39450,1222.75
39460,1231.54
39470,1237.79
39480,1237.79
39491,1237.79
39501,1246.58
39511,1246.58
39521,1246.58
39531,1246.58
39541,1255.38
39552,1255.38
39562,1255.38
39572,1255.38
39582,1264.17
39592,1264.17
39602,1264.17
39612,1264.17
39941,378.91
39951,385.23
39962,385.68
39971,385.68
39981,385.68
39991,394.7
40001,394.7
40011,394.7
40022,394.7
40032,403.72
40042,403.72
40052,403.72
40062,403.72
40073,412.75
40083,412.75
40093,412.75
40103,412.75
40113,421.77
40123,421.77
40133,421.77
40143,421.77
40153,430.79
40164,430.79
40174,430.8
40184,430.8
40194,439.82
40205,439.82
40215,439.82
40225,439.82
40236,448.84
40246,448.84
40256,448.84
40266,448.84
40276,448.84
40286,457.87
40297,457.87
40307,457.87
40317,457.87
40327,466.89
40337,466.89
40347,466.89
40357,466.89
40368,466.89
40378,475.91
40388,475.91
40398,475.91
40408,475.91
40418,484.94
40428,484.94
40438,484.94
40448,484.94
40458,493.96
40468,493.96
40479,493.96
40489,493.96
40499,502.98
40509,502.98
40519,502.98
40529,502.98
40539,512.01
40549,512.01
40559,512.01
40569,512.01
40580,521.03
40590,521.03
40600,521.03
40610,521.03
40620,530.05
40630,530.05
40641,530.05
40651,530.05
40661,539.08
40672,539.08
40682,539.08
40692,539.08
40702,548.1
40712,548.1
40723,548.1
40733,548.1
40744,557.12
40754,557.12
40764,557.12
40774,557.12
40784,565.12
40794,574.15
40804,574.15
40815,574.15
40825,574.15
40836,583.17
40846,583.17
40856,583.17
40867,583.17
40877,592.19
40887,592.19
40897,592.19
40907,592.19
40917,601.22
40927,601.22
40937,601.22
40947,601.22
40957,610.24
40967,610.24
40977,610.24
40987,610.24
40997,619.26
41007,619.26
41017,619.26
41027,619.26
41038,628.29
41048,628.29
41058,628.29
41068,628.29
41078,628.29
41088,628.29
41098,637.31
41109,637.31
41119,637.31
41130,637.31
41141,646.33
41151,646.33
41161,646.33
41171,646.33
41181,655.36
41191,655.36
41202,655.36
41212,655.36
41222,664.38
41232,664.38
41242,664.38
41252,664.38
41263,673.4
41273,673.4
41283,673.4
41293,673.4
41303,682.43
41313,682.43
41323,682.43
41333,682.43
41343,682.43
41353,691.45
41364,691.45
41374,691.45
41384,691.45
41394,700.47
41404,700.47
41414,700.47
41425,700.47
41434,709.5
41444,709.5
41454,709.5
41464,709.5
41474,718.52
41484,718.52
41494,718.52
41504,718.52
41514,727.54
41524,727.54
41534,727.54
41544,727.54
41554,736.57
41564,736.57
41574,736.57
41584,736.57
41594,745.59
41604,745.59
41614,745.59
41624,745.59
41634,754.61
41644,754.61
41654,754.61
41664,754.61
41674,763.64
41684,763.64
41694,763.64
41704,763.64
41714,763.64
41724,772.66
41734,772.66
41744,772.66
41755,772.66
41765,781.68
41775,781.68
41785,781.68
41795,781.68
41805,790.71
41815,790.71
41825,790.71
41835,790.71
41847,799.73
41857,799.73
41867,799.73
41877,799.73
41888,808.75
41898,808.75
41908,808.75
41918,808.75
41929,817.78
41939,817.78
41949,817.78
41959,817.78
41969,826.8
41979,826.8
41990,826.8
41999,826.8
42009,835.82
42019,835.82
42029,835.82
42039,835.82
42049,844.85
42060,844.85
42070,844.85
42080,844.85
42090,853.87
42100,853.87
42111,853.87
42121,853.87
42131,862.89
42141,862.89
42151,862.89
42161,862.89
42172,871.92
42182,871.92
42192,871.92
42202,871.92
42212,880.94
42222,880.94
42233,880.94
42243,880.94
42253,889.96
42263,889.96
42273,889.96
42283,889.96
42293,898.99
42303,898.99
42313,898.99
42323,898.99
42333,908.01
42343,908.01
42353,908.01
42363,908.01
42373,917.03
42383,917.03
42394,917.03
42404,917.03
42414,926.06
42425,926.06
42435,926.06
42446,926.06
42456,935.08
42466,935.08
42476,935.08
42486,935.08
42496,944.1
42506,944.1
42517,944.1
42527,944.1
42537,953.13
42547,953.13
42557,953.13
42567,953.13
42577,953.13
42588,962.15
42598,962.15
42608,962.15
42618,962.15
42628,971.17
42638,971.17
42649,971.17
42659,971.17
42669,980.2
42679,980.2
42689,980.2
42699,980.2
42710,989.22
42720,989.22
42730,989.22
42740,989.22
42750,998.24
42761,998.24
42771,998.24
42781,998.24
42791,1007.27
42801,1007.27
42811,1007.27
42821,1007.27
42831,1016.29
42841,1032.29
42851,1032.29
42861,1032.29
42871,1032.29
42881,1041.31
42891,1041.31
42901,1041.31
42911,1041.31
42921,1050.34
42931,1050.34
42941,1050.34
42951,1050.34
42961,1059.36
42971,1059.36
42981,1059.36
42991,1059.36
43001,1068.38
43011,1068.38
43021,1068.38
43031,1068.39
43041,1077.41
43051,1077.41
43061,1077.41
43071,1077.41
43081,1086.43
43091,1086.43
43101,1094.91
43104,1094.91,persist,memory,133332112
43111,1095.96
43123,1096.58
43133,1096.58
43143,1098.11
43153,1098.11
43163,1099.64
43173,1108.66
43183,1108.66
43193,1108.66
43203,1117.68
43213,1117.68
43224,1126.71
43234,1126.71
43244,1126.71
43254,1135.73
43264,1135.73
43274,1135.73
43285,1144.75
43295,1144.75
43305,1144.75
43315,1153.78
43326,1153.78
43336,1153.78
43346,1162.8
43356,1162.8
43366,1162.8
43376,1171.82
43387,1171.82
43397,1180.85
43407,1180.85
43417,1180.85
43427,1189.87
43437,1189.87
43447,1189.87
43458,1198.89
43468,1198.89
43478,1198.89
43489,1207.91
43499,1207.92
43509,1207.92
43519,1208.93
43894,472.43
43904,476.9
43914,477.2
43924,477.2
43934,477.2
43944,488.69
43954,488.69
43964,488.69
43974,488.69
43984,500.17
43995,500.17
44005,500.17
44015,511.66
44025,511.66
44035,511.66
44046,511.66
44056,523.15
44066,523.15
44076,523.15
44086,523.15
44096,534.63
44106,534.63
44117,534.63
44127,546.12
44137,546.12
44147,546.12
44157,546.12
44167,546.12
44178,557.61
44188,557.61
44198,557.61
44208,569.16
44218,569.16
44228,569.16
44239,569.16
44249,580.64
44259,580.64
44269,580.64
44279,580.64
44295,592.13
44305,592.13
44315,592.13
44325,603.62
44335,603.62
44346,603.62
44356,603.62
44366,615.1
44376,615.1
44386,615.1
44400,626.59
44410,626.59
44420,626.59
44430,626.59
44440,638.08
44450,638.08
44460,638.08
44472,638.08
44482,649.56
44492,649.56
44503,649.56
44513,649.56
44523,649.56
44533,649.56
44544,649.56
44554,649.56
44564,649.56
44574,661.05
44584,661.05
44594,661.05
44604,661.05
44615,661.05
44625,661.05
44635,661.05
44645,661.05
44655,661.05
44665,661.05
44675,661.05
44687,661.05
44697,661.05
44707,661.05
44717,661.05
44728,672.54
44738,672.54
44748,672.54
44758,672.54
44768,672.54
44779,672.54
44789,672.54
44799,672.54
44810,672.54
44820,672.54
44830,672.54
44840,672.54
44850,672.54
44860,672.54
44870,672.54
44881,672.54
44891,672.54
44901,672.54
44911,672.54
44921,672.54
44932,672.54
44942,672.54
44952,684.03
44962,684.03
44972,684.03
44982,684.03
44992,684.03
45003,695.51
45013,695.51
45023,695.51
45033,695.51
45043,695.51
45054,707.0
45064,707.0
45074,707.0
45084,707.0
45094,707.0
45104,718.49
45115,718.49
45125,718.49
45136,718.49
45146,718.49
45157,729.97
45167,729.97
45177,729.97
45187,729.97
45197,729.97
45207,741.46
45217,741.46
45227,741.46
45237,741.46
45247,741.87
45258,741.87
45262,741.87,task,end,12,9,1840,0,0
45268,741.87
45278,741.87
45288,741.87
45298,741.87
45308,741.87
45319,741.87
45329,741.87
45339,741.87
45349,741.87
45359,741.87
45369,741.87
45380,741.87
45390,741.87
45400,741.87
45410,741.87
45420,741.87
45430,741.87
45441,741.87
45451,741.87
45461,741.87
45471,741.87
45481,741.87
45491,741.87
45502,741.87
45512,741.87
45522,741.87
45532,741.87
45542,741.87
45552,741.87
45563,741.87
45573,741.87
45583,741.87
45594,741.87
45604,741.87
45614,741.87
45624,741.87
45634,741.87
45644,741.87
45654,741.87
45665,741.87
45675,741.87
45685,741.87
45695,741.87
45705,741.87
45715,741.87
45725,741.87
45736,741.87
45745,741.87
45755,741.87
45765,741.87
45775,741.87
45785,741.88
45795,741.88
45806,741.88
45815,741.88
45825,741.88
45835,741.88
45845,741.88
45855,741.88
45865,741.88
45876,741.88
45886,741.88
45896,741.88
45906,741.88
45916,741.88
45926,741.88
45936,741.88
45947,741.88
45957,741.88
45967,741.88
45977,741.88
45987,741.88
45997,741.88
46007,741.88
46018,741.88
46028,741.88
46038,741.88
46048,741.88
46058,741.88
46068,741.88
46078,741.88
46089,741.88
46099,741.88
46109,741.88
46119,741.88
46129,741.88
46139,741.88
46149,741.88
46160,741.88
46170,741.88
46180,741.88
46190,741.88
46200,741.88
46211,741.88
46221,741.88
46231,741.88
46241,741.88
46251,741.88
46261,741.88
46271,741.88
46281,741.88
46291,741.88
46301,741.88
46311,741.88
46321,741.88
46331,741.88
46342,741.88
46352,741.88
46362,741.88
46372,741.88
46382,741.88
46392,741.88
46403,741.88
46413,741.88
46423,741.88
46433,741.88
46443,741.88
46453,741.88
46463,741.88
46473,741.88
46483,741.88
46493,741.88
46503,741.88
46513,741.88
46523,741.88
46534,741.88
46544,741.88
46554,741.88
46564,741.88
46574,741.88
46585,741.88
46595,741.88
46605,741.88
46615,741.88
46625,741.88
46635,741.88
46646,741.88
46655,741.88
46665,741.88
46675,741.88
46685,741.88
46695,741.88
46705,741.88
46715,741.88
46725,741.88
46736,741.88
46746,741.88
46756,741.88
46766,741.88
46776,741.88
46786,741.88
46797,741.88
46807,741.88
46817,741.88
46827,741.88
46837,741.88
46847,741.88
46858,741.88
46868,741.88
46878,741.88
46888,741.88
46898,741.88
46908,741.88
46918,741.88
46928,741.88
46938,741.89
46948,741.89
46958,741.89
46968,741.89
46978,741.89
46989,741.89
46999,741.89
47009,741.89
47019,741.89
47029,741.89
47039,741.89
47050,741.89
47059,741.89
47069,741.89
47079,741.89
47089,741.89
47099,741.89
47109,741.89
47119,741.89
47129,741.89
47139,741.89
47149,741.89
47159,741.89
47169,741.89
47179,741.89
47189,741.89
47199,741.89
47209,741.89
47219,741.89
47229,741.89
47239,741.89
47250,741.89
47260,741.89
47270,741.89
47280,741.89
47290,741.89
47301,741.89
47311,741.89
47321,741.89
47331,741.89
47341,741.89
47351,741.89
47361,741.89
47372,741.89
47382,741.89
47392,741.89
47402,741.89
47412,741.89
47422,741.89
47432,741.89
47443,741.89
47453,741.89
47463,741.89
47473,741.89
47483,741.89
47493,741.89
47504,741.89
47514,741.89
47524,741.89
47534,741.89
47544,741.89
47554,741.89
47564,741.89
47574,741.89
47584,741.89
47594,741.89
47604,741.89
47614,741.89
47624,741.89
47635,741.89
47645,741.89
47655,741.89
47665,741.89
47675,741.89
47685,741.89
47695,741.89
47705,741.89
47715,741.89
47725,741.89
47735,741.89
47745,741.89
47755,741.89
47766,741.89
47776,741.89
47786,741.89
47796,741.89
47806,741.89
47816,741.89
47826,741.89
47837,741.89
47847,741.89
47857,741.89
47867,741.89
47877,741.89
47887,741.89
47897,741.89
47907,741.89
47917,741.89
47927,741.89
47937,741.89
47947,741.89
47957,741.89
47967,741.89
47977,741.89
47987,741.89
47997,741.89
48007,741.89
48017,741.89
48028,741.89
48038,741.89
48048,741.89
48058,741.89
48068,741.89
48078,741.89
48089,741.89
48098,741.9
48108,741.9
48118,741.9
48128,741.9
48138,741.9
48148,741.9
48159,741.9
48169,741.9
48179,741.9
48189,741.9
48199,741.9
48209,741.9
48219,741.9
48230,741.9
48240,741.9
48250,741.9
48260,741.9
48270,741.9
48280,741.9
48290,741.9
48300,741.9
48310,741.9
48320,741.9
48330,741.9
48340,741.9
48351,741.9
48361,741.9
48371,741.9
48381,741.9
48391,741.9
48401,741.9
48412,741.9
48421,741.9
48431,741.9
48441,741.9
48451,741.9
48461,741.9
48471,741.9
48481,741.9
48491,741.9
48501,741.9
48511,741.9
48521,741.9
48531,741.9
48541,741.9
48551,741.9
48561,741.9
48571,741.9
48581,741.9
48591,741.9
48601,741.9
48612,741.9
48621,741.9
48631,741.9
48641,741.9
48651,741.9
48661,741.9
48671,741.9
48681,741.9
48691,741.9
48701,741.9
48711,741.9
48721,741.9
48732,741.9
48743,741.9
48753,741.9
48763,741.9
48773,741.9
48783,741.9
48793,741.9
48803,741.9
48813,741.9
48823,741.9
48833,741.9
48843,741.9
48853,741.9
48863,741.9
48874,741.9
48884,741.9
48894,741.9
48904,741.9
48914,741.9
48924,741.9
48934,741.9
48945,741.9
48955,741.9
48965,741.9
48975,741.9
48985,741.9
48995,741.9
49005,741.9
49015,741.9
49025,741.9
49035,741.9
49045,741.9
49055,741.9
49065,741.9
49076,741.9
49086,741.9
49096,741.9
49106,741.9
49116,741.9
49127,741.9
49137,741.9
49147,741.9
49157,741.9
49167,741.9
49177,741.9
49187,741.9
49198,741.9
49208,741.9
49218,741.9
49228,741.9
49238,741.9
49248,741.9
49258,741.91
49269,741.91
49279,741.91
49289,741.91
49299,741.91
49309,741.91
49319,741.91
49330,741.91
49340,741.91
49350,741.91
49360,741.91
49370,741.91
49380,741.91
49390,741.91
49400,741.91
49410,741.91
49420,741.91
49430,741.91
49441,741.91
49451,741.91
49461,745.6
49471,746.29
49481,746.29
49491,746.29
49501,746.29
49511,746.29
49521,746.29
49531,746.29
49541,746.29
49551,746.29
49561,746.29
49571,746.29
49581,746.29
49591,746.29
49601,746.29
49611,746.29
49621,746.29
49631,746.29
49641,746.29
49652,746.29
49662,746.29
49672,746.29
49682,746.29
49692,746.29
49702,746.29
49712,746.29
49722,746.29
49732,746.29
49742,746.29
49752,746.29
49762,746.29
49772,746.29
49783,746.29
49793,746.29
49803,746.3
49813,746.3
49823,746.3
49833,746.3
49843,746.3
49854,746.3
49864,746.3
49874,746.3
49884,746.3
49894,746.3
49904,746.3
49914,746.3
49925,746.3
49935,746.3
49945,746.3
49955,746.3
49965,746.3
49975,746.3
49985,746.3
49996,746.3
50006,746.3
50016,746.3
50026,746.3
50036,746.3
50046,746.3
50056,746.3
50067,746.3
50077,746.3
50087,746.3
50097,746.3
50107,746.3
50117,746.3
50127,746.3
50138,746.3
50148,746.3
50158,746.3
50168,746.3
50178,746.3
50188,746.3
50199,746.3
50208,746.3
50218,746.3
50228,746.3
50238,746.3
50248,746.3
50258,746.3
50269,746.3
50279,746.3
50289,746.3
50299,746.3
50309,746.3
50319,746.3
50329,746.3
50339,746.3
50349,746.3
50359,746.3
50369,746.3
50379,746.3
50389,746.3
50399,746.3
50409,746.3
50419,746.3
50429,746.3
50440,746.3
50450,746.3
50460,746.3
50470,746.3
50480,746.3
50490,746.3
50500,746.3
50510,746.3
50520,746.3
50530,746.3
50540,746.3
50550,746.3
50560,746.3
50571,746.3
50581,746.3
50591,746.3
50601,746.3
50611,746.3
50621,746.3
50631,746.3
50642,746.3
50652,746.3
50662,746.3
50672,746.3
50682,746.3
50692,746.3
50702,746.3
50713,746.3
50723,746.3
50733,746.3
50743,746.3
50753,746.3
50763,746.3
50773,746.3
50783,746.3
50793,746.3
50803,746.3
50813,746.3
50823,746.3
50833,746.3
50844,746.3
50854,746.3
50864,746.6
50874,746.6
50884,746.6
50894,746.6
50904,746.6
50915,746.6
50925,746.6
50935,746.6
50945,746.6
50955,746.6
50965,746.6
50975,746.6
50985,746.6
50995,746.6
51005,746.6
51015,746.6
51025,746.6
51035,746.6
51046,746.6
51056,746.6
51066,746.6
51076,746.6
51086,746.6
51096,746.6
51106,746.6
51117,746.6
51127,746.6
51137,746.6
51147,746.6
51157,746.6
51167,746.6
51177,746.6
51187,746.6
51197,746.6
51207,746.6
51217,746.6
51227,746.6
51237,746.6
51247,746.6
51258,746.6
51267,746.6
51277,746.6
51287,746.61
51297,746.61
51307,746.61
51318,746.61
51328,746.61
51338,746.61
51348,746.61
51358,746.61
51368,746.61
51379,746.61
51389,746.61
51399,746.61
51409,746.61
51419,746.61
51429,746.61
51858,755.17
51868,755.17
51878,755.28
51888,755.28
51898,755.28
51909,755.28
51919,755.28
51929,755.28
51939,755.28
51949,755.28
51959,755.28
51969,755.28
51979,755.28
51989,755.28
51999,755.28
52009,755.28
52020,755.28
52030,755.28
52040,755.28
52050,755.28
52060,755.28
52071,755.28
52081,755.28
52091,755.28
52101,755.28
52111,755.28
52121,755.28
52131,755.28
52141,755.28
52152,772.32
52162,777.5
52172,777.5
52182,777.5
52192,777.5
52202,779.06
52212,787.92
52222,830.74
52232,840.86
52242,849.13
52252,851.61
52263,851.61
52273,851.61
52283,851.61
52293,851.61
52303,851.61
52313,851.61
52323,851.61
52334,851.61
52344,851.61
